168.49852070358486 1619.4816356983804 20.00609665440988 850.1494577674167
179.10512242138307 990.8637072235397 584.9844148224614 1246.83636201307
234.96655813512035 348.10364312496796 1260.2713908556143 1253.2003230437488
354.4676041556469 439.3204178980326 511.44530957906045 845.1997102991108
520.0 1047.0 1160.5 1286.5
551.0 328.0 1353.0 863.0
938.5 1456.5 1061.5 1269.5
939.5 699.5 371.5 467.5
955.5 1603.5 1363.5 147.5
1046.0 1477.0 1506.3445507085328 442.85595180396535
1104.707898994574 1091.979976933216 342.5 1242.5
1131.0 1091.0 1152.5 1282.5
1195.9246737676385 1037.5327547818517 1648.473013727029 901.7682527940347
1219.5 1155.5 1427.5 795.5
1251.0 1474.0 1660.5 1242.5
1266.0 690.0 1731.2045071258551 865.7058069535208
1347.5 1147.5 387.5 371.5
1347.9526317227462 290.12088706767105 534.0727265770299 760.3468965567251
1348.6597385039327 618.9255403194156 386.99451609022805 1292.0911960090089
1430.0 1481.0 809.137264458597 840.2499628308051
1437.0 1503.0 1392.5 422.5
1630.5 1504.5 1734.7400410317878 846.613923861484
1891.5 1059.5 1611.5 475.5
1916.0 299.0 1530.0 1259.0
1925.0 1107.0 604.5 430.5
1964.5497449174156 1076.423627747112 98.5 418.5
2096.5 1082.5 676.9082963767125 857.9276323604688
2290.0 1069.0 1131.5779566796627 418.8143212436227
2357.0 1510.0 101.0 433.0
2380.3285322551055 1472.4034252115787 673.5 1245.5
