551.0432893255071 1388.2577182503794 97.08073580374356 555.2859300126264
562.3569978244918 1359.9734470029175 99.90916292848975 543.9722215136417
573.5 1361.5 104.5 542.5
584.9844148224614 1359.9734470029175 111.22287142747452 543.9722215136417
609.026045382804 1432.0983386839455 127.48632739476511 574.3778131046632
661.5 1373.5 146.5 548.5
681.5 1341.5 155.77059864222701 534.7798333582165
694.5 1464.5 170.0 584.0
697.5 1417.5 168.5 566.5
701.5 1321.5 164.2558800164656 527.7087655463511
710.8494218736669 1355.7308063157982 170.0 541.0
713.5 1417.5 176.5 566.5
741.5 1385.5 186.8832970144351 553.1646096690667
750.4474016201135 1386.8435046880063 191.0 553.0
773.5 525.5 226.5 182.5
787.5 1075.5 201.5 421.5
790.0453813665602 507.20266889194113 234.96655813512035 172.74116139070415
804.1875169902911 1016.3195513462554 222.23863607376248 393.358477120907
821.1580797387683 1007.8342699720168 230.72391744800106 389.1158364337877
845.1997102991108 590.6412690719537 263.9579361637688 213.04624791833737
866.4129137347073 566.5996385116111 274.564537881567 201.02543263816605
884.7976900455576 641.5529573173852 286.58535316173834 238.5020920410531
894.5 492.5 285.0 164.0
902.5 494.5 289.0 166.0
905.5 657.5 296.5 244.5
910.5 488.5 293.0 162.0
918.5 492.5 297.0 164.0
918.5 654.5 301.0 244.0
924.3956697920042 556.7001435749995 300.7274887854693 196.07568516986024
924.3956697920042 681.1509370638319 306.38434303496166 255.47265478953022
928.5 498.5 301.0 166.0
928.5 652.5 306.0 242.0
930.0525240414966 534.0727265770299 303.55591591021545 181.93354954612929
934.2951647286159 501.54581464244876 305.6772362537751 167.08430714121178
937.1235918533621 546.8006486383878 307.0914498161482 191.1259377015544
937.5 541.5 306.5 188.5
939.5 691.5 313.5 261.5
952.5 862.5 310.0 330.0
956.9225817265855 501.54581464244876 315.57673119038674 167.08430714121178
958.3367952889585 528.4158723275376 317.6980515339464 179.10512242138307
964.5 500.5 319.0 166.0
965.5 661.5 322.5 244.5
968.5 724.5 327.0 276.0
973.8931444750625 696.7072862499359 328.30465325174464 261.83661582020915
976.5 498.5 324.0 164.0
976.5 940.5 313.0 367.0
980.5 720.5 332.0 273.0
988.0352800987935 654.2808793787431 333.961507501237 240.62341238461272
988.5 728.5 337.0 277.0
989.5 525.5 332.5 178.5
990.5 710.5 337.0 268.0
998.5 496.5 335.0 164.0
999.3489885977783 648.6240251292506 339.6183617507294 237.79498525986654
1001.5 917.5 328.5 358.5
1003.5916292848975 545.3864350760148 340.32546853191593 187.59040379562165
1007.8342699720168 659.9377336282354 343.86100243784864 243.4518395093589
1016.3195513462554 710.8494218736669 348.0 268.0
1021.9764055957478 903.1824663564078 339.6183617507294 353.76049737446033
1027.6332598452402 710.8494218736669 352.3462838120872 267.4934700697015
1045.5 729.5 362.5 276.5
1047.4322497184635 527.0016587651645 359.4173516239527 176.98380207782344
1047.4322497184635 648.6240251292506 362.2457787486989 236.38077169749343
1051.5 907.5 353.5 357.5
1053.089103967956 501.54581464244876 362.2457787486989 164.2558800164656
1057.5 517.5 364.5 172.5
1058.7459582174483 945.6088732276006 352.3462838120872 376.38791437242986
1059.5 939.5 353.5 373.5
1060.1601717798214 907.4251070435271 357.2960312803931 360.12445840513925
1064.5 584.5 368.0 205.0
1068.5 940.5 359.0 376.0
1075.5 875.5 365.5 345.5
1077.1307345282985 675.4940828143394 374.2665940288702 249.81580054003783
1081.5 677.5 376.5 250.5
1083.5 979.5 361.5 397.5
1089.5 561.5 380.5 194.5
1090.5 938.5 370.0 376.0
1091.5 707.5 381.5 265.5
1093.5 597.5 382.5 210.5
1093.5 649.5 382.5 236.5
1099.758151526268 641.5529573173852 385.580302527855 232.8452377915607
1099.758151526268 686.8077913133243 385.580302527855 255.47265478953022
1104.0007922133873 662.7661607529816 386.28740930904155 243.4518395093589
1105.5 845.5 384.5 334.5
1107.5 947.5 377.5 381.5
1113.5 681.5 390.5 252.5
1118.5 666.5 394.0 245.0
1122.3855685242374 692.4646455628166 396.89401102683973 258.30108191427644
1125.5 933.5 386.5 376.5
1129.456636336103 951.265727477093 387.7016228714146 384.87319574666844
1139.3561312727147 822.5722933011414 399.72243815158595 326.183332908185
1139.5 723.5 401.5 273.5
1140.7703448350878 922.9814562296311 394.7726906832801 372.1452736853106
1152.0840533340725 665.5945878777278 408.914826307011 243.4518395093589
1152.5 946.5 401.0 384.0
1157.7409075835649 648.6240251292506 411.74325343175724 234.96655813512035
1163.5 651.5 413.5 237.5
1167.6404025201766 647.2098115668775 416.69300090006305 235.67366491630688
1169.0546160825497 679.7367235014588 417.4001076812496 251.9371208835975
1173.297256769669 715.0920625607862 416.69300090006305 269.6147904132612
1276.5 476.5 469.0 153.0
1282.5 488.5 471.0 159.0
1290.5 490.5 475.0 159.0
1304.8191180703668 1095.5155108391486 466.89758236430794 462.6549416771887
1305.5 1269.5 462.6549416771887 540.4366876077089
1309.5 1285.5 465.48336880193483 546.0935418572013
1322.5 1120.5 476.7970773009196 475.3828637385465
1324.61810794359 1092.6870837144027 478.21129086329273 459.82651455244246
1325.5 1289.5 471.14022305142726 546.0935418572013
1330.5 1096.5 481.0 463.0
1335.931816442575 1092.6870837144027 485.2823586751582 461.24072811481557
1349.5 817.5 502.5 322.5
1365.5 1301.5 492.5 546.5
1375.5297961890217 1313.3043994446055 498.01028073651605 550.3361825443205
1381.5 1069.5 510.5 450.5
1381.5 1325.5 500.5 556.5
1389.5 1305.5 504.5 546.5
1392.5003589374987 1307.647545195113 506.49556211075463 546.0935418572013
1393.9145724998718 788.631167804187 527.0016587651645 309.2127701597078
1410.885135248349 828.2291475506338 535.486940139403 329.0117600329312
1413.5 1053.5 528.5 442.5
1434.9267658086915 484.57525189397165 541.850901170082 161.42745289171938
1456.139969244288 788.631167804187 560.9427842621187 309.2127701597078
1457.5 1049.5 552.5 442.5
1468.5 816.5 565.0 324.0
1477.5 1049.5 562.5 442.5
1478.5 816.5 570.0 325.0
1480.5 484.5 562.0 166.0
1539.5785694243007 504.374241767195 591.3483758531403 176.98380207782344
1577.5 489.5 610.5 172.5
1593.3186847944783 481.74682476922544 618.2184335382291 168.49852070358486
1596.1471119192245 781.5600999923216 621.0468606629753 298.60616844190963
1622.5 480.5 631.0 169.0
1659.7867222260138 505.7884553295681 648.6240251292506 179.10512242138307
1662.5 506.5 652.0 181.0
1664.029362913133 1067.2312395916867 649.3311319104372 432.95645686735367
1689.5 505.5 664.5 182.5
1689.5 525.5 664.5 190.5
1703.6273426595797 521.3448045156721 669.0 189.0
1704.5 476.5 671.0 169.0
1709.5 1065.5 670.5 428.5
1713.5 505.5 674.5 180.5
1720.5 480.5 679.0 171.0
1740.3968952812802 945.6088732276006 690.3433252192569 365.0742058734451
1746.0537495307724 1041.775395468971 687.5148980945108 413.15746699413035
1749.5 1045.5 690.5 414.5
1757.5 1061.5 694.5 422.5
1769.5 1045.5 700.5 412.5
1813.5 1045.5 718.5 410.5
1829.5 1049.5 726.5 412.5
1833.5 909.5 732.5 342.5
1833.5 933.5 732.5 352.5
1841.5 1033.5 732.5 404.5
1882.5 944.5 752.0 357.0
1901.5 957.5 758.5 364.5
1903.031454954186 952.6799410394661 758.9326829943521 360.12445840513925
1907.2740956413054 976.7215715998087 761.0540033379117 372.1452736853106
885.9620688807681 1059.0804800849753 256 416
