619.176513671875 731.3180541992188 628.758056640625 44.58102035522461
280.2515869140625 2515.30078125 258.2000427246094 480.1520690917969
774.4866943359375 509.146240234375 624.4412231445312 58.81086730957031
1043.4268798828125 2636.52587890625 771.00830078125 407.65020751953125
260.07403564453125 2418.82080078125 498.9554443359375 396.8800964355469
1382.955810546875 2108.0244140625 70.99720001220703 375.08294677734375
452.41290283203125 1532.5635986328125 619.1530151367188 33.872188568115234
1566.2154541015625 977.9634399414062 373.79833984375 377.09051513671875
179.1078338623047 2562.384521484375 542.2335815429688 137.854248046875
1503.347412109375 2162.827880859375 437.0740051269531 240.4405059814453
46.90574264526367 2261.681396484375 163.45425415039062 280.7239074707031
974.8966064453125 2256.925048828125 761.9566040039062 411.21038818359375
152.87185668945312 2662.97705078125 389.6630859375 455.1195373535156
524.1722412109375 1079.80419921875 79.31857299804688 125.69180297851562
712.8941650390625 1196.8746337890625 213.5017852783203 234.4246368408203
52.30918502807617 2264.65234375 55.338050842285156 149.4165802001953
59.92485427856445 2607.938720703125 599.1885375976562 37.81911087036133
392.1886901855469 2046.91064453125 642.0355224609375 64.73899841308594
1300.1431884765625 2348.16650390625 355.1496887207031 528.3519287109375
14.751703262329102 2265.694580078125 48.31528854370117 400.54058837890625
500.1846008300781 2161.85400390625 243.89019775390625 10.999649047851562
243.21295166015625 2439.43115234375 553.1185302734375 455.15423583984375
1679.3392333984375 2217.837158203125 409.1240234375 402.0657958984375
863.026123046875 1205.2054443359375 252.91860961914062 235.24476623535156
296.2840270996094 2121.056396484375 340.5020446777344 523.10009765625
1651.0260009765625 2401.781005859375 334.0544128417969 321.13519287109375
1014.6546020507812 2610.643310546875 339.5218811035156 385.4932556152344
1522.34521484375 1820.82470703125 392.22216796875 151.4386444091797
669.7625122070312 1909.0537109375 318.2037048339844 121.89705657958984
58.21080780029297 2176.79541015625 60.61798095703125 152.2653350830078
1135.43994140625 2684.97705078125 206.0778045654297 589.9901733398438
562.07373046875 1507.373291015625 737.6166381835938 560.3563232421875
1006.4007568359375 2624.535400390625 129.76956176757812 578.6293334960938
1505.525634765625 2144.014892578125 328.6095886230469 203.88040161132812
1505.433349609375 2146.288330078125 323.67626953125 204.2680206298828
738.5662841796875 1460.6356201171875 257.1905822753906 226.0463409423828
667.7888793945312 1901.527099609375 726.3577270507812 61.74765396118164
1128.9173583984375 2018.5750732421875 145.2991180419922 505.20513916015625
1426.001708984375 2416.880615234375 256.9992980957031 489.3545227050781
820.6044311523438 2047.9454345703125 613.627197265625 113.55577850341797
1694.2733154296875 2265.163330078125 766.3629150390625 412.4200439453125
182.51712036132812 2443.46630859375 432.0758361816406 189.00714111328125
189.90211486816406 2458.81982421875 769.2937622070312 129.14463806152344
591.655029296875 2694.055908203125 341.6536865234375 387.3614807128906
390.2428283691406 2118.69873046875 415.0827331542969 86.23139190673828
1078.8013916015625 2638.9228515625 338.23004150390625 390.95233154296875
577.02587890625 2688.9248046875 328.9424743652344 305.6695251464844
939.42578125 2368.205322265625 302.2146301269531 260.2513732910156
1150.38427734375 236.83367919921875 181.74765014648438 283.3249816894531
1627.3135986328125 2352.9931640625 297.37188720703125 420.3470458984375
1776.591552734375 2353.9404296875 357.3730773925781 539.749755859375
1099.1273193359375 2199.69091796875 483.93890380859375 142.57696533203125
57.5219612121582 2165.671630859375 319.48504638671875 207.55906677246094
693.7394409179688 1944.4610595703125 11.964322090148926 443.2454528808594
839.7111206054688 2525.29248046875 417.6781921386719 559.7952880859375
1268.5205078125 2585.378173828125 148.19017028808594 496.51055908203125
1269.3538818359375 2556.711669921875 411.1103210449219 94.06812286376953
1098.1817626953125 2217.349609375 567.4814453125 392.3676452636719
1167.090087890625 2524.0517578125 84.05825805664062 549.1134033203125
1083.428466796875 2663.5224609375 371.5846252441406 501.1593933105469
1219.0933837890625 2157.13037109375 14.606454849243164 438.9083557128906
523.7473754882812 2639.08984375 353.8914489746094 343.59814453125
1529.3004150390625 2353.105224609375 452.692138671875 268.09039306640625
594.9276123046875 2584.982177734375 349.6400146484375 538.9657592773438
146.5943145751953 2650.928466796875 482.9047546386719 24.49875831604004
1398.0537109375 2360.92138671875 235.96580505371094 437.85174560546875
838.2267456054688 2499.596923828125 450.7681884765625 135.3528289794922
426.8791809082031 2642.37255859375 332.0587463378906 398.6133117675781
1374.45947265625 958.2540283203125 505.89013671875 32.33915710449219
714.5816040039062 335.401123046875 780.3334350585938 65.53427124023438
195.35321044921875 2770.248046875 335.6123352050781 246.95315551757812
229.2853546142578 2567.658935546875 662.8517456054688 485.4591979980469
983.6239013671875 2514.264892578125 562.3233032226562 397.913330078125
1857.264404296875 2622.794921875 131.84487915039062 581.41845703125
636.9763793945312 2654.194091796875 398.7775573730469 413.6108703613281
1207.434326171875 2784.390869140625 55.283485412597656 241.16050720214844
235.212646484375 2663.556640625 341.79705810546875 317.06689453125
417.6224670410156 2662.1083984375 403.8030090332031 382.74224853515625
1303.6187744140625 2664.625732421875 582.971923828125 573.468994140625
255.4227752685547 2480.81689453125 686.435302734375 360.24224853515625
1454.8062744140625 2348.21533203125 362.9654541015625 542.282958984375
305.3720397949219 1890.91259765625 73.83391571044922 121.19524383544922
595.9816284179688 2449.798828125 351.0606384277344 344.759521484375
1088.978271484375 2626.12255859375 149.57810974121094 492.1875915527344
1240.2987060546875 2390.7392578125 701.077392578125 151.4741973876953
570.2079467773438 2601.607421875 676.2950439453125 306.2829284667969
651.1337890625 2047.15673828125 252.25576782226562 468.5381774902344
1384.5904541015625 2442.812744140625 563.6682739257812 94.26227569580078
631.5630493164062 2720.80859375 392.2319030761719 435.2884216308594
73.8479232788086 2259.3984375 13.729671478271484 391.4837646484375
1497.4637451171875 2868.916259765625 409.3301696777344 490.14300537109375
1638.0548095703125 2502.980712890625 647.6395263671875 131.64178466796875
1502.3968505859375 2364.49951171875 559.5409545898438 426.6557922363281
166.3326416015625 2610.578369140625 450.6912536621094 263.6132507324219
791.4810791015625 2736.388427734375 227.63653564453125 82.21427917480469
477.5322570800781 2674.259765625 340.10809326171875 484.1204833984375
644.9666748046875 2653.9951171875 570.691650390625 87.39688110351562
1469.1966552734375 2862.562744140625 356.5431213378906 351.54345703125
1448.5755615234375 2208.027587890625 202.51229858398438 582.6369018554688
1476.2940673828125 2136.0234375 725.1951904296875 378.4971618652344
322.84295654296875 2630.1962890625 152.43272399902344 473.5167236328125
1582.69091796875 858.365966796875 789.0320434570312 253.80877685546875
1821.152587890625 2172.70166015625 32.538421630859375 2.9503393173217773
1778.820556640625 2194.077392578125 137.55755615234375 562.3744506835938
1429.8197021484375 2717.684326171875 150.42877197265625 503.2892761230469
1376.7523193359375 2109.977294921875 550.8451538085938 182.31878662109375
497.94580078125 2049.743896484375 436.07623291015625 575.69189453125
1136.4530029296875 2269.125732421875 671.4403686523438 210.47267150878906
145.3206329345703 2749.736083984375 379.4320068359375 502.4046936035156
617.9842529296875 2768.841796875 505.3206787109375 151.44171142578125
903.9570922851562 2480.32666015625 326.8641357421875 185.09194946289062
718.6710815429688 1065.881591796875 574.5205688476562 393.82989501953125
150.8900909423828 2208.4873046875 500.07806396484375 106.17093658447266
1641.6082763671875 2500.817626953125 512.9241333007812 381.44268798828125
1335.7386474609375 2359.36181640625 360.6524963378906 454.76202392578125
1052.6419677734375 2729.487548828125 612.7498779296875 289.39288330078125
668.9703979492188 1911.105712890625 662.2525634765625 143.3363494873047
1341.6370849609375 2503.179443359375 345.0989685058594 470.6304626464844
976.8521118164062 2875.775390625 413.0114440917969 298.94598388671875
871.60107421875 2583.1572265625 23.55687713623047 351.07501220703125
269.6694641113281 2723.286376953125 582.1820678710938 404.5432434082031
1520.052978515625 2859.218994140625 165.5550079345703 191.93458557128906
692.5064086914062 2868.084228515625 466.59698486328125 93.05311584472656
931.0618896484375 2612.3603515625 435.96954345703125 375.7204284667969
710.0225219726562 2824.27294921875 415.53448486328125 442.05499267578125
582.0547485351562 2612.304443359375 541.164306640625 402.44482421875
1094.0928955078125 2818.256103515625 228.42893981933594 462.5471496582031
538.5722045898438 2617.08935546875 577.3120727539062 407.6134033203125
991.675048828125 2554.859375 84.781494140625 86.42254638671875
350.35638427734375 2140.3603515625 669.1181030273438 19.258272171020508
910.7406005859375 2739.491943359375 66.56612396240234 189.43856811523438
779.7894287109375 2773.421630859375 616.2150268554688 555.6424560546875
1187.1199951171875 2558.600830078125 347.9223937988281 384.8030700683594
85.23197174072266 2106.990966796875 752.0029907226562 17.123563766479492
56.705535888671875 2629.612060546875 130.49615478515625 149.5175323486328
1292.6556396484375 2117.206787109375 294.1207580566406 376.9581604003906
927.7017211914062 2132.681640625 723.5722045898438 140.41163635253906
632.5849609375 2824.913330078125 546.5079956054688 337.010009765625
958.0872192382812 2626.21728515625 290.3031921386719 4.210071086883545
1429.714599609375 2702.2158203125 762.3232421875 370.03057861328125
455.4112243652344 2805.516357421875 152.68594360351562 469.6877746582031
1660.090087890625 2839.87841796875 622.171142578125 368.3313903808594
813.1793212890625 2634.3701171875 716.1411743164062 335.3446350097656
618.235107421875 2620.44091796875 746.3931884765625 374.7724304199219
1079.3438720703125 2845.6396484375 602.6849365234375 559.6383056640625
1740.6080322265625 2376.451416015625 659.1763916015625 255.6071319580078
1291.9788818359375 2587.65478515625 561.0462646484375 557.199462890625
1811.787841796875 2507.00732421875 640.5975952148438 107.0029296875
768.1666870117188 2597.736328125 333.8241882324219 481.6108093261719
512.9295654296875 2530.19775390625 181.05308532714844 3.161773204803467
325.93182373046875 2710.9013671875 608.7340698242188 584.7584838867188
55.50483322143555 2722.971923828125 69.34513854980469 440.4136047363281
691.2616577148438 2623.721435546875 57.297157287597656 275.59722900390625
731.824462890625 306.110595703125 521.0936889648438 301.679931640625
479.9664306640625 2842.07470703125 249.63302612304688 144.74325561523438
985.7595825195312 2364.544677734375 653.1464233398438 430.0967102050781
574.127197265625 2615.337158203125 545.53369140625 439.9837646484375
1135.64453125 2806.403564453125 664.8001098632812 522.1044921875
1318.738525390625 2359.177490234375 607.4646606445312 156.38951110839844
757.7468872070312 2610.133056640625 615.0317993164062 325.3268737792969
519.0149536132812 2819.885986328125 275.5122375488281 159.64678955078125
603.0525512695312 2031.0843505859375 204.0872344970703 266.0970764160156
401.72235107421875 2602.91748046875 125.34783935546875 198.0001220703125
607.4857177734375 2647.182373046875 381.00921630859375 332.6308288574219
1560.3934326171875 2170.26123046875 752.8837890625 296.5361633300781
1219.37158203125 2159.5234375 591.8732299804688 243.07156372070312
1791.6524658203125 2522.372314453125 479.34075927734375 287.42022705078125
1190.2803955078125 2624.1083984375 668.5853271484375 524.162353515625
129.05880737304688 2393.981201171875 558.6118774414062 246.9318389892578
1644.0732421875 2641.423828125 624.271240234375 26.074207305908203
959.7706909179688 2476.55322265625 139.48757934570312 19.543188095092773
897.687744140625 2591.87744140625 468.0915832519531 581.1620483398438
806.827392578125 2639.350341796875 712.5059204101562 339.06414794921875
1529.53125 2870.053955078125 213.8802947998047 437.924560546875
91.32717895507812 2103.24658203125 459.8591003417969 315.7767333984375
1540.1031494140625 2814.08642578125 579.5564575195312 539.2283935546875
1339.4139404296875 2872.333740234375 512.9574584960938 580.3797607421875
131.7917022705078 2120.21142578125 296.6076965332031 141.3652801513672
313.6539611816406 1873.474609375 127.63631439208984 145.0363311767578
1583.45556640625 2408.241943359375 440.164306640625 429.58013916015625
690.1173095703125 2761.541259765625 548.6790771484375 250.8053741455078
1777.20263671875 2161.5126953125 394.16107177734375 405.0173034667969
1083.828125 2213.414306640625 603.835205078125 239.59812927246094
1830.812255859375 2731.386474609375 749.7887573242188 168.37530517578125
596.994873046875 2871.95703125 440.6405029296875 101.80782318115234
1850.9964599609375 2793.810791015625 623.7412109375 249.97927856445312
269.5759582519531 2823.831298828125 633.8935546875 152.34107971191406
389.4740905761719 2820.6103515625 459.40802001953125 102.06963348388672
957.2557983398438 2311.9365234375 296.1553649902344 192.22080993652344
197.8973846435547 2343.25537109375 424.4434509277344 292.59857177734375
688.70068359375 2658.76025390625 308.16864013671875 385.96185302734375
737.98095703125 1517.590576171875 462.4330749511719 305.27813720703125
1007.3587646484375 2808.972900390625 185.52700805664062 480.284912109375
1003.397216796875 2822.931884765625 652.9808349609375 47.97512435913086
192.4483642578125 2672.413818359375 769.9024658203125 324.22796630859375
1704.5120849609375 2314.52099609375 387.34613037109375 393.0606384277344
1099.1514892578125 2796.1875 718.688720703125 313.20599365234375
483.2542724609375 2769.2333984375 571.3428344726562 244.74856567382812
1613.520263671875 2374.095703125 759.3009643554688 300.93359375
1141.696044921875 2843.92431640625 727.970458984375 556.1505737304688
452.0843200683594 2105.6748046875 372.14202880859375 62.39134979248047
1463.96826171875 2619.6494140625 155.10061645507812 363.0641784667969
1450.04833984375 2732.9013671875 644.8276977539062 356.9107971191406
558.8632202148438 2869.970703125 469.0143127441406 536.384033203125
1597.23779296875 2816.64501953125 788.736328125 281.9130554199219
865.9567260742188 2645.101318359375 649.0305786132812 322.11212158203125
627.3670043945312 2609.12646484375 747.5177612304688 365.4468994140625
368.0472106933594 2861.731689453125 630.6414184570312 496.8468322753906
1207.32763671875 2631.8447265625 189.3677978515625 522.2158203125
1582.7611083984375 2824.704833984375 741.3980712890625 263.58758544921875
1016.2157592773438 2815.735107421875 3.738100290298462 421.16839599609375
1245.88427734375 2594.0908203125 735.2177734375 172.79428100585938
993.4783935546875 2774.807373046875 65.04583740234375 185.1425018310547
1443.1629638671875 2434.922607421875 629.86767578125 528.3335571289062
1303.5048828125 2574.243896484375 448.7550354003906 559.2183227539062
988.4715576171875 2085.6845703125 785.9830932617188 85.42170715332031
667.9174194335938 2045.771728515625 516.736572265625 346.6124572753906
990.6757202148438 2198.642822265625 719.3920288085938 180.95294189453125
753.2740478515625 2685.88525390625 630.6981201171875 198.4353485107422
943.6596069335938 2615.087646484375 516.204833984375 360.3130798339844
758.177734375 2563.4609375 176.31687927246094 512.1212768554688
1608.130615234375 2403.115966796875 214.01168823242188 431.2207336425781
1855.119384765625 2860.382568359375 80.451904296875 71.2188720703125
1343.6988525390625 2669.317626953125 129.39187622070312 366.3933410644531
787.2992553710938 2694.421630859375 710.3256225585938 295.95843505859375
998.3992919921875 2716.144287109375 36.01407241821289 485.7191467285156
1249.695068359375 2383.02490234375 471.70025634765625 583.3916015625
1695.55859375 2283.0537109375 516.175048828125 487.444091796875
1118.0784912109375 2306.560546875 146.91989135742188 472.9430236816406
416.67987060546875 2557.389892578125 345.99981689453125 315.7898864746094
1453.294189453125 2557.943115234375 202.55160522460938 414.4886779785156
347.3201904296875 2625.47802734375 471.70208740234375 567.1383056640625
750.4773559570312 2797.39794921875 777.5728759765625 341.83807373046875
1003.7844848632812 2348.68603515625 378.4606018066406 30.780855178833008
1010.8019409179688 2344.8974609375 686.88232421875 323.16485595703125
1056.4814453125 2581.1005859375 485.6047668457031 565.0023803710938
396.2490539550781 2783.614990234375 579.2056884765625 166.24624633789062
905.3169555664062 2806.868408203125 598.7227783203125 272.306884765625
974.3448486328125 2432.966796875 665.0758666992188 228.4370880126953
26.5046443939209 2819.738525390625 705.375244140625 116.13153076171875
1670.1473388671875 2371.4609375 719.5017700195312 531.7758178710938
534.7273559570312 2860.644775390625 345.3134460449219 375.00286865234375
104.40837097167969 2758.512451171875 326.4107360839844 109.00080108642578
1479.906005859375 2367.953369140625 318.7236328125 492.93731689453125
770.41015625 2664.91650390625 67.43223571777344 102.29536437988281
939.3358154296875 2627.388671875 62.95458221435547 103.36494445800781
1791.79638671875 2338.3154296875 9.94225788116455 431.01239013671875
751.5975341796875 314.37408447265625 123.37527465820312 14.031502723693848
806.197021484375 2826.640380859375 67.5836410522461 346.8345642089844
1792.791748046875 2390.059326171875 640.3902587890625 289.8374328613281
977.8250122070312 2623.97900390625 25.213794708251953 409.19708251953125
1190.4298095703125 2153.832275390625 777.2587280273438 7.628617763519287
485.9891357421875 2619.52197265625 185.3627471923828 123.5614242553711
281.58367919921875 2641.147705078125 273.0196838378906 495.1902160644531
482.1212463378906 2864.091064453125 633.9414672851562 161.6568145751953
1087.2054443359375 2693.978271484375 42.894351959228516 517.2045288085938
1455.416015625 2586.7705078125 276.3929748535156 299.0816955566406
1666.873046875 2656.95556640625 67.7629623413086 201.09674072265625
962.6509399414062 2586.094970703125 188.1510467529297 217.9832305908203
1251.0328369140625 2493.80810546875 441.8528137207031 530.0741577148438
304.7752685546875 2801.584716796875 768.7296142578125 215.87013244628906
1119.42529296875 2554.8505859375 764.1569213867188 307.5814514160156
1275.48828125 2597.1181640625 66.76958465576172 92.60953521728516
851.0074462890625 2703.141357421875 781.7931518554688 277.8628845214844
571.6254272460938 2671.16943359375 211.47413635253906 454.0904235839844
1153.422119140625 2851.8974609375 291.45477294921875 410.3787841796875
84.08969116210938 2140.23193359375 477.67071533203125 215.50135803222656
1408.5400390625 2791.1357421875 352.9194641113281 279.9848937988281
616.2174072265625 2834.06103515625 425.5027770996094 247.94229125976562
636.6965942382812 2674.575439453125 578.0392456054688 319.4207458496094
802.6822509765625 2871.62548828125 158.4027862548828 361.8417663574219
1427.027587890625 2469.182861328125 38.897613525390625 302.16876220703125
424.7372131347656 2063.955810546875 614.7289428710938 312.83331298828125
749.3108520507812 2811.871337890625 652.8718872070312 30.904638290405273
694.7853393554688 2745.768798828125 514.9725952148438 341.8632507324219
1309.3707275390625 2845.962890625 320.65283203125 243.72201538085938
1598.635986328125 2503.1591796875 31.831724166870117 357.6259765625
258.2980651855469 2465.373291015625 668.629638671875 327.3592224121094
