4.018307209014893 547.0679931640625 4.018307209014893 547.0679931640625
6.742850303649902 549.2806396484375 6.742850303649902 549.2806396484375
10.603042602539062 545.9891967773438 10.603042602539062 545.9891967773438
11.129070281982422 550.1207275390625 11.129070281982422 550.1207275390625
19.960899353027344 547.42919921875 19.960899353027344 547.42919921875
21.152284622192383 539.4207763671875 21.152284622192383 539.4207763671875
29.14086151123047 540.7378540039062 29.14086151123047 540.7378540039062
39.93949890136719 530.12060546875 39.93949890136719 530.12060546875
42.00148010253906 525.7603149414062 42.00148010253906 525.7603149414062
45.30392837524414 527.565185546875 45.30392837524414 527.565185546875
49.30299377441406 524.24951171875 49.30299377441406 524.24951171875
57.552772521972656 526.5580444335938 57.552772521972656 526.5580444335938
68.35514831542969 518.015869140625 68.35514831542969 518.015869140625
78.17884063720703 525.37939453125 78.17884063720703 525.37939453125
81.72480773925781 557.0368041992188 81.72480773925781 557.0368041992188
85.6013412475586 524.6080322265625 85.6013412475586 524.6080322265625
87.42241668701172 520.0669555664062 87.42241668701172 520.0669555664062
88.71858978271484 1152.160400390625 88.71858978271484 1152.160400390625
91.70502471923828 523.4873657226562 91.70502471923828 523.4873657226562
96.61717224121094 522.9721069335938 96.61717224121094 522.9721069335938
98.28408813476562 524.3804321289062 98.28408813476562 524.3804321289062
99.38878631591797 528.109375 99.38878631591797 528.109375
105.18883514404297 526.6264038085938 105.18883514404297 526.6264038085938
106.84487915039062 522.842041015625 106.84487915039062 522.842041015625
109.2326431274414 528.7861938476562 109.2326431274414 528.7861938476562
115.72737121582031 523.4501953125 115.72737121582031 523.4501953125
116.05878448486328 526.0293579101562 116.05878448486328 526.0293579101562
117.18425750732422 530.4146118164062 117.18425750732422 530.4146118164062
121.2734603881836 530.0093994140625 121.2734603881836 530.0093994140625
121.52811431884766 527.5283813476562 121.52811431884766 527.5283813476562
121.56405639648438 534.2810668945312 121.56405639648438 534.2810668945312
135.645263671875 533.825927734375 135.645263671875 533.825927734375
144.18475341796875 536.4911499023438 144.18475341796875 536.4911499023438
151.50946044921875 542.7044067382812 151.50946044921875 542.7044067382812
155.80657958984375 548.4692993164062 155.80657958984375 548.4692993164062
166.73446655273438 543.8695068359375 166.73446655273438 543.8695068359375
173.22096252441406 544.6863403320312 173.22096252441406 544.6863403320312
178.06588745117188 544.54345703125 178.06588745117188 544.54345703125
179.62002563476562 548.9073486328125 179.62002563476562 548.9073486328125
181.99050903320312 543.6676025390625 181.99050903320312 543.6676025390625
183.68104553222656 549.6856079101562 183.68104553222656 549.6856079101562
187.7324981689453 547.0048828125 187.7324981689453 547.0048828125
193.94427490234375 551.829833984375 193.94427490234375 551.829833984375
194.72157287597656 548.431884765625 194.72157287597656 548.431884765625
198.03688049316406 550.573974609375 198.03688049316406 550.573974609375
205.1620635986328 552.357666015625 205.1620635986328 552.357666015625
207.18885803222656 545.856201171875 207.18885803222656 545.856201171875
216.95962524414062 552.5923461914062 216.95962524414062 552.5923461914062
220.97296142578125 551.9075317382812 220.97296142578125 551.9075317382812
235.69288635253906 550.3963012695312 235.69288635253906 550.3963012695312
239.1221923828125 546.39599609375 239.1221923828125 546.39599609375
241.8800048828125 567.92626953125 241.8800048828125 567.92626953125
246.92227172851562 542.182861328125 246.92227172851562 542.182861328125
248.8429412841797 548.7745971679688 248.8429412841797 548.7745971679688
261.56402587890625 540.5711059570312 261.56402587890625 540.5711059570312
267.19873046875 547.0468139648438 267.19873046875 547.0468139648438
268.5406799316406 553.1276245117188 268.5406799316406 553.1276245117188
273.3653869628906 546.7936401367188 273.3653869628906 546.7936401367188
277.3769836425781 553.2512817382812 277.3769836425781 553.2512817382812
281.4833984375 549.0648193359375 281.4833984375 549.0648193359375
281.9692687988281 544.5659790039062 281.9692687988281 544.5659790039062
290.5170593261719 542.6182250976562 290.5170593261719 542.6182250976562
306.57818603515625 538.9147338867188 306.57818603515625 538.9147338867188
317.83062744140625 537.2030029296875 317.83062744140625 537.2030029296875
324.64495849609375 543.4321899414062 324.64495849609375 543.4321899414062
328.64434814453125 538.42578125 328.64434814453125 538.42578125
329.6638488769531 540.8424682617188 329.6638488769531 540.8424682617188
333.22955322265625 537.4613037109375 333.22955322265625 537.4613037109375
337.9761657714844 539.0797119140625 337.9761657714844 539.0797119140625
347.46295166015625 533.4275512695312 347.46295166015625 533.4275512695312
349.3076171875 559.55615234375 349.3076171875 559.55615234375
349.6380615234375 535.6322631835938 349.6380615234375 535.6322631835938
352.8804626464844 531.87451171875 352.8804626464844 531.87451171875
358.0545959472656 532.5185546875 358.0545959472656 532.5185546875
369.4909973144531 537.9658203125 369.4909973144531 537.9658203125
381.703125 538.154052734375 381.703125 538.154052734375
384.0390319824219 733.8709716796875 384.0390319824219 733.8709716796875
395.6551208496094 543.922119140625 395.6551208496094 543.922119140625
396.61016845703125 541.8040771484375 396.61016845703125 541.8040771484375
401.03729248046875 724.1218872070312 401.03729248046875 724.1218872070312
401.9267883300781 548.06103515625 401.9267883300781 548.06103515625
403.7289733886719 535.2689819335938 403.7289733886719 535.2689819335938
404.8631591796875 550.5489501953125 404.8631591796875 550.5489501953125
407.51617431640625 1531.45458984375 407.51617431640625 1531.45458984375
412.1368713378906 541.7145385742188 412.1368713378906 541.7145385742188
413.3331298828125 514.20751953125 413.3331298828125 514.20751953125
416.17242431640625 546.4236450195312 416.17242431640625 546.4236450195312
421.13702392578125 539.8208618164062 421.13702392578125 539.8208618164062
426.1903381347656 543.1852416992188 426.1903381347656 543.1852416992188
430.74029541015625 546.4852905273438 430.74029541015625 546.4852905273438
431.0594177246094 537.5220947265625 431.0594177246094 537.5220947265625
432.50897216796875 535.3364868164062 432.50897216796875 535.3364868164062
436.91717529296875 536.9708251953125 436.91717529296875 536.9708251953125
439.8913269042969 541.6911010742188 439.8913269042969 541.6911010742188
447.67889404296875 538.1426391601562 447.67889404296875 538.1426391601562
450.5723571777344 780.7086791992188 450.5723571777344 780.7086791992188
450.6257019042969 542.6627197265625 450.6257019042969 542.6627197265625
457.98828125 535.4552001953125 457.98828125 535.4552001953125
466.53485107421875 522.6557006835938 466.53485107421875 522.6557006835938
472.08038330078125 1517.6114501953125 472.08038330078125 1517.6114501953125
475.62884521484375 746.4658813476562 475.62884521484375 746.4658813476562
476.7287292480469 529.47021484375 476.7287292480469 529.47021484375
481.3152160644531 727.0216674804688 481.3152160644531 727.0216674804688
483.6612243652344 729.622802734375 483.6612243652344 729.622802734375
494.4305419921875 515.4617309570312 494.4305419921875 515.4617309570312
494.6294860839844 545.4927978515625 494.6294860839844 545.4927978515625
496.1991271972656 732.4680786132812 496.1991271972656 732.4680786132812
497.4465637207031 520.0641479492188 497.4465637207031 520.0641479492188
500.6634521484375 522.8953247070312 500.6634521484375 522.8953247070312
505.5348205566406 716.1393432617188 505.5348205566406 716.1393432617188
510.1602478027344 709.1151733398438 510.1602478027344 709.1151733398438
520.142333984375 716.7977905273438 520.142333984375 716.7977905273438
525.0225830078125 532.9284057617188 525.0225830078125 532.9284057617188
525.6338500976562 707.8814086914062 525.6338500976562 707.8814086914062
529.8812255859375 539.78564453125 529.8812255859375 539.78564453125
538.1865844726562 546.381591796875 538.1865844726562 546.381591796875
542.0145874023438 543.5501098632812 542.0145874023438 543.5501098632812
544.6421508789062 548.5210571289062 544.6421508789062 548.5210571289062
548.013916015625 704.6668701171875 548.013916015625 704.6668701171875
552.1385498046875 548.7081909179688 552.1385498046875 548.7081909179688
554.7560424804688 710.0707397460938 554.7560424804688 710.0707397460938
555.3040161132812 559.74951171875 555.3040161132812 559.74951171875
556.6358032226562 708.079833984375 556.6358032226562 708.079833984375
559.3098754882812 557.7828369140625 559.3098754882812 557.7828369140625
560.6478881835938 567.0004272460938 560.6478881835938 567.0004272460938
565.8717041015625 564.1443481445312 565.8717041015625 564.1443481445312
570.5074462890625 534.8818969726562 570.5074462890625 534.8818969726562
571.8525390625 702.3576049804688 571.8525390625 702.3576049804688
573.8844604492188 565.0089721679688 573.8844604492188 565.0089721679688
587.9002685546875 698.9149169921875 587.9002685546875 698.9149169921875
591.3763427734375 702.2222900390625 591.3763427734375 702.2222900390625
591.8866577148438 559.0946655273438 591.8866577148438 559.0946655273438
593.2094116210938 552.8423461914062 593.2094116210938 552.8423461914062
593.5955200195312 697.249755859375 593.5955200195312 697.249755859375
603.204345703125 699.0556640625 603.204345703125 699.0556640625
612.6041259765625 552.9827880859375 612.6041259765625 552.9827880859375
617.4783325195312 696.1345825195312 617.4783325195312 696.1345825195312
623.5193481445312 551.8920288085938 623.5193481445312 551.8920288085938
624.5640258789062 545.4577026367188 624.5640258789062 545.4577026367188
630.3230590820312 692.9154663085938 630.3230590820312 692.9154663085938
630.8723754882812 695.4696655273438 630.8723754882812 695.4696655273438
631.1085815429688 544.8321533203125 631.1085815429688 544.8321533203125
638.4745483398438 537.9330444335938 638.4745483398438 537.9330444335938
638.7463989257812 541.4344482421875 638.7463989257812 541.4344482421875
641.0850219726562 653.1143188476562 641.0850219726562 653.1143188476562
643.451171875 534.7003173828125 643.451171875 534.7003173828125
647.1597900390625 536.7199096679688 647.1597900390625 536.7199096679688
648.0096435546875 533.9187622070312 648.0096435546875 533.9187622070312
648.135009765625 544.1737060546875 648.135009765625 544.1737060546875
654.0321044921875 558.597412109375 654.0321044921875 558.597412109375
660.3032836914062 541.1994018554688 660.3032836914062 541.1994018554688
661.4360961914062 689.6890258789062 661.4360961914062 689.6890258789062
664.9336547851562 541.6625366210938 664.9336547851562 541.6625366210938
665.3489379882812 539.0343017578125 665.3489379882812 539.0343017578125
667.1539916992188 535.4906005859375 667.1539916992188 535.4906005859375
674.4100341796875 686.7922973632812 674.4100341796875 686.7922973632812
675.9705810546875 544.0657348632812 675.9705810546875 544.0657348632812
678.4952392578125 538.1476440429688 678.4952392578125 538.1476440429688
678.5396728515625 540.820556640625 678.5396728515625 540.820556640625
680.0753173828125 687.9733276367188 680.0753173828125 687.9733276367188
680.5159912109375 520.922119140625 680.5159912109375 520.922119140625
684.259033203125 538.8885498046875 684.259033203125 538.8885498046875
692.0794677734375 536.8328247070312 692.0794677734375 536.8328247070312
695.4382934570312 536.3526611328125 695.4382934570312 536.3526611328125
696.2940063476562 684.8606567382812 696.2940063476562 684.8606567382812
696.578125 688.9813232421875 696.578125 688.9813232421875
698.8870849609375 547.5330810546875 698.8870849609375 547.5330810546875
703.0645141601562 538.8163452148438 703.0645141601562 538.8163452148438
708.70947265625 687.176025390625 708.70947265625 687.176025390625
710.9220581054688 684.072998046875 710.9220581054688 684.072998046875
713.0869750976562 539.9683837890625 713.0869750976562 539.9683837890625
715.8202514648438 542.4478759765625 715.8202514648438 542.4478759765625
718.0485229492188 535.4323120117188 718.0485229492188 535.4323120117188
719.0433959960938 540.5496215820312 719.0433959960938 540.5496215820312
721.0291748046875 537.791015625 721.0291748046875 537.791015625
722.6442260742188 684.4620971679688 722.6442260742188 684.4620971679688
731.83349609375 538.1111450195312 731.83349609375 538.1111450195312
732.2581176757812 683.535400390625 732.2581176757812 683.535400390625
736.8735961914062 548.3569946289062 736.8735961914062 548.3569946289062
737.6688842773438 679.473876953125 737.6688842773438 679.473876953125
738.60302734375 536.590087890625 738.60302734375 536.590087890625
738.6532592773438 681.9215087890625 738.6532592773438 681.9215087890625
738.9649047851562 538.94677734375 738.9649047851562 538.94677734375
742.9390258789062 678.5089721679688 742.9390258789062 678.5089721679688
743.9652099609375 539.9205322265625 743.9652099609375 539.9205322265625
746.0052490234375 681.1243286132812 746.0052490234375 681.1243286132812
746.9586181640625 676.5365600585938 746.9586181640625 676.5365600585938
748.0271606445312 538.6300659179688 748.0271606445312 538.6300659179688
751.466064453125 543.0435180664062 751.466064453125 543.0435180664062
755.889892578125 673.3497924804688 755.889892578125 673.3497924804688
759.5213623046875 679.1712646484375 759.5213623046875 679.1712646484375
763.3677978515625 539.4740600585938 763.3677978515625 539.4740600585938
767.1466674804688 546.0631713867188 767.1466674804688 546.0631713867188
768.2168579101562 676.3368530273438 768.2168579101562 676.3368530273438
769.6388549804688 671.64404296875 769.6388549804688 671.64404296875
775.032958984375 539.445556640625 775.032958984375 539.445556640625
782.5157470703125 670.4601440429688 782.5157470703125 670.4601440429688
782.878662109375 547.864013671875 782.878662109375 547.864013671875
784.6602172851562 535.0316772460938 784.6602172851562 535.0316772460938
784.9755859375 538.1840209960938 784.9755859375 538.1840209960938
786.0151977539062 670.0624389648438 786.0151977539062 670.0624389648438
788.7171020507812 667.8342895507812 788.7171020507812 667.8342895507812
790.37744140625 538.4393920898438 790.37744140625 538.4393920898438
794.5615844726562 546.0606689453125 794.5615844726562 546.0606689453125
797.47802734375 554.21630859375 797.47802734375 554.21630859375
802.486328125 548.3648071289062 802.486328125 548.3648071289062
812.244873046875 554.01611328125 812.244873046875 554.01611328125
815.1779174804688 557.8673706054688 815.1779174804688 557.8673706054688
817.01318359375 556.9934692382812 817.01318359375 556.9934692382812
818.6546020507812 663.516845703125 818.6546020507812 663.516845703125
828.21240234375 556.2471313476562 828.21240234375 556.2471313476562
834.0360107421875 663.7060546875 834.0360107421875 663.7060546875
835.8809204101562 556.5234985351562 835.8809204101562 556.5234985351562
838.0455932617188 667.1497802734375 838.0455932617188 667.1497802734375
841.4481811523438 665.4104614257812 841.4481811523438 665.4104614257812
842.4010009765625 556.7625732421875 842.4010009765625 556.7625732421875
843.6046142578125 668.634033203125 843.6046142578125 668.634033203125
846.0081787109375 553.9523315429688 846.0081787109375 553.9523315429688
850.3018798828125 549.7041625976562 850.3018798828125 549.7041625976562
855.9182739257812 551.9751586914062 855.9182739257812 551.9751586914062
856.539794921875 549.9606323242188 856.539794921875 549.9606323242188
856.9296875 668.6145629882812 856.9296875 668.6145629882812
859.185302734375 547.5340576171875 859.185302734375 547.5340576171875
862.1141357421875 549.5155639648438 862.1141357421875 549.5155639648438
866.4622802734375 674.2969970703125 866.4622802734375 674.2969970703125
866.8330688476562 544.080078125 866.8330688476562 544.080078125
871.9827880859375 548.1717529296875 871.9827880859375 548.1717529296875
875.9246215820312 674.9187622070312 875.9246215820312 674.9187622070312
885.7030639648438 674.9187622070312 885.7030639648438 674.9187622070312
887.6338500976562 670.8529052734375 887.6338500976562 670.8529052734375
892.0467529296875 547.5643310546875 892.0467529296875 547.5643310546875
893.08837890625 550.0764770507812 893.08837890625 550.0764770507812
895.0242919921875 672.0327758789062 895.0242919921875 672.0327758789062
901.2307739257812 550.9966430664062 901.2307739257812 550.9966430664062
902.5850219726562 684.5650634765625 902.5850219726562 684.5650634765625
903.90234375 690.2340698242188 903.90234375 690.2340698242188
905.8031616210938 548.5300903320312 905.8031616210938 548.5300903320312
907.8729858398438 543.90576171875 907.8729858398438 543.90576171875
908.96533203125 685.7417602539062 908.96533203125 685.7417602539062
910.6592407226562 550.5257568359375 910.6592407226562 550.5257568359375
913.5110473632812 698.6074829101562 913.5110473632812 698.6074829101562
920.2213745117188 550.4490966796875 920.2213745117188 550.4490966796875
921.4279174804688 705.599853515625 921.4279174804688 705.599853515625
922.2108154296875 546.0861206054688 922.2108154296875 546.0861206054688
926.481689453125 1481.6754150390625 926.481689453125 1481.6754150390625
926.906005859375 547.8596801757812 926.906005859375 547.8596801757812
930.36474609375 687.3236694335938 930.36474609375 687.3236694335938
931.7089233398438 554.9794311523438 931.7089233398438 554.9794311523438
935.1773681640625 701.6613159179688 935.1773681640625 701.6613159179688
939.2288818359375 704.9492797851562 939.2288818359375 704.9492797851562
939.5224609375 552.1077270507812 939.5224609375 552.1077270507812
940.283447265625 556.534912109375 940.283447265625 556.534912109375
943.2160034179688 703.0458374023438 943.2160034179688 703.0458374023438
948.0210571289062 703.9862670898438 948.0210571289062 703.9862670898438
949.0480346679688 556.405517578125 949.0480346679688 556.405517578125
953.669921875 560.5982055664062 953.669921875 560.5982055664062
954.513427734375 552.9968872070312 954.513427734375 552.9968872070312
954.8659057617188 706.5015869140625 954.8659057617188 706.5015869140625
956.2592163085938 696.6867065429688 956.2592163085938 696.6867065429688
958.6580200195312 554.4185791015625 958.6580200195312 554.4185791015625
965.0979614257812 700.0112915039062 965.0979614257812 700.0112915039062
965.3707885742188 553.8110961914062 965.3707885742188 553.8110961914062
967.7676391601562 648.8843994140625 967.7676391601562 648.8843994140625
972.2999877929688 691.5230712890625 972.2999877929688 691.5230712890625
979.0419311523438 697.5904541015625 979.0419311523438 697.5904541015625
980.0308227539062 552.2077026367188 980.0308227539062 552.2077026367188
984.0171508789062 551.4183959960938 984.0171508789062 551.4183959960938
993.0336303710938 691.9083251953125 993.0336303710938 691.9083251953125
996.7650756835938 691.7844848632812 996.7650756835938 691.7844848632812
1004.08251953125 557.633056640625 1004.08251953125 557.633056640625
1006.6380004882812 683.865478515625 1006.6380004882812 683.865478515625
1009.20263671875 549.7966918945312 1009.20263671875 549.7966918945312
1009.20458984375 674.34521484375 1009.20458984375 674.34521484375
1011.85546875 680.4758911132812 1011.85546875 680.4758911132812
1013.2201538085938 555.6661376953125 1013.2201538085938 555.6661376953125
1014.0109252929688 675.0875854492188 1014.0109252929688 675.0875854492188
1014.379150390625 1382.95703125 1014.379150390625 1382.95703125
1021.6549072265625 667.0938110351562 1021.6549072265625 667.0938110351562
1024.0625 539.23486328125 1024.0625 539.23486328125
1026.08447265625 661.0711059570312 1026.08447265625 661.0711059570312
1027.39306640625 667.9827270507812 1027.39306640625 667.9827270507812
1032.4862060546875 552.0960083007812 1032.4862060546875 552.0960083007812
1032.9107666015625 660.3107299804688 1032.9107666015625 660.3107299804688
1033.843017578125 543.8875122070312 1033.843017578125 543.8875122070312
1036.255615234375 654.9732666015625 1036.255615234375 654.9732666015625
1036.9453125 665.8488159179688 1036.9453125 665.8488159179688
1037.322998046875 548.6575927734375 1037.322998046875 548.6575927734375
1040.051513671875 550.014892578125 1040.051513671875 550.014892578125
1043.779296875 656.362548828125 1043.779296875 656.362548828125
1047.1666259765625 648.63134765625 1047.1666259765625 648.63134765625
1049.11572265625 536.9413452148438 1049.11572265625 536.9413452148438
1050.974853515625 642.30078125 1050.974853515625 642.30078125
1053.674560546875 643.4885864257812 1053.674560546875 643.4885864257812
1055.8936767578125 536.944580078125 1055.8936767578125 536.944580078125
1059.0028076171875 636.0062866210938 1059.0028076171875 636.0062866210938
1059.9849853515625 644.6998291015625 1059.9849853515625 644.6998291015625
1061.9368896484375 531.9878540039062 1061.9368896484375 531.9878540039062
1065.366943359375 647.8023071289062 1065.366943359375 647.8023071289062
1069.180419921875 638.3178100585938 1069.180419921875 638.3178100585938
1070.19677734375 534.9002685546875 1070.19677734375 534.9002685546875
1073.1207275390625 533.4924926757812 1073.1207275390625 533.4924926757812
1073.3114013671875 636.3829345703125 1073.3114013671875 636.3829345703125
1076.695556640625 536.6609497070312 1076.695556640625 536.6609497070312
1076.7711181640625 530.578125 1076.7711181640625 530.578125
1080.0252685546875 533.4044799804688 1080.0252685546875 533.4044799804688
1084.70947265625 655.21826171875 1084.70947265625 655.21826171875
1087.1260986328125 530.775146484375 1087.1260986328125 530.775146484375
1087.5916748046875 536.0778198242188 1087.5916748046875 536.0778198242188
1091.998291015625 634.0582885742188 1091.998291015625 634.0582885742188
1093.9537353515625 524.576171875 1093.9537353515625 524.576171875
1099.5509033203125 631.0758666992188 1099.5509033203125 631.0758666992188
1103.1014404296875 533.0972900390625 1103.1014404296875 533.0972900390625
1106.5185546875 527.9503784179688 1106.5185546875 527.9503784179688
1111.2989501953125 527.9799194335938 1111.2989501953125 527.9799194335938
1116.7679443359375 635.9168701171875 1116.7679443359375 635.9168701171875
1118.047119140625 527.14990234375 1118.047119140625 527.14990234375
1120.7606201171875 636.6649169921875 1120.7606201171875 636.6649169921875
1127.745361328125 526.6571655273438 1127.745361328125 526.6571655273438
1128.091796875 635.6112670898438 1128.091796875 635.6112670898438
1128.639404296875 524.2450561523438 1128.639404296875 524.2450561523438
1132.3453369140625 524.5712890625 1132.3453369140625 524.5712890625
1137.7344970703125 637.6005249023438 1137.7344970703125 637.6005249023438
1150.9912109375 641.0452880859375 1150.9912109375 641.0452880859375
1151.687255859375 527.4158935546875 1151.687255859375 527.4158935546875
1153.72265625 521.16943359375 1153.72265625 521.16943359375
1161.226318359375 525.9813842773438 1161.226318359375 525.9813842773438
1162.2064208984375 521.7530517578125 1162.2064208984375 521.7530517578125
1164.125244140625 520.0961303710938 1164.125244140625 520.0961303710938
1167.2437744140625 519.0964965820312 1167.2437744140625 519.0964965820312
1168.6671142578125 647.673095703125 1168.6671142578125 647.673095703125
1169.3204345703125 650.4725341796875 1169.3204345703125 650.4725341796875
1171.0162353515625 517.5485229492188 1171.0162353515625 517.5485229492188
1172.4000244140625 523.9634399414062 1172.4000244140625 523.9634399414062
1172.61865234375 645.913330078125 1172.61865234375 645.913330078125
1174.430908203125 519.0524291992188 1174.430908203125 519.0524291992188
1177.77099609375 517.0823364257812 1177.77099609375 517.0823364257812
1180.932861328125 650.698974609375 1180.932861328125 650.698974609375
1185.57373046875 517.7830810546875 1185.57373046875 517.7830810546875
1191.6539306640625 617.899658203125 1191.6539306640625 617.899658203125
1196.0059814453125 648.4485473632812 1196.0059814453125 648.4485473632812
1199.182861328125 517.5932006835938 1199.182861328125 517.5932006835938
1200.6287841796875 520.4494018554688 1200.6287841796875 520.4494018554688
1205.12109375 652.18896484375 1205.12109375 652.18896484375
1205.9215087890625 515.8594360351562 1205.9215087890625 515.8594360351562
1207.012451171875 517.614013671875 1207.012451171875 517.614013671875
1209.3221435546875 507.5823669433594 1209.3221435546875 507.5823669433594
1215.568359375 520.1331176757812 1215.568359375 520.1331176757812
1218.539794921875 642.9093017578125 1218.539794921875 642.9093017578125
1220.610595703125 644.9976196289062 1220.610595703125 644.9976196289062
1220.8382568359375 516.4923095703125 1220.8382568359375 516.4923095703125
1228.5626220703125 638.3916625976562 1228.5626220703125 638.3916625976562
1229.2998046875 515.6019287109375 1229.2998046875 515.6019287109375
1231.41357421875 510.94415283203125 1231.41357421875 510.94415283203125
1244.9486083984375 542.3785400390625 1244.9486083984375 542.3785400390625
1247.470947265625 510.987060546875 1247.470947265625 510.987060546875
1257.130615234375 626.583740234375 1257.130615234375 626.583740234375
1258.3525390625 515.9379272460938 1258.3525390625 515.9379272460938
1259.2384033203125 519.4276123046875 1259.2384033203125 519.4276123046875
1264.6805419921875 626.0057373046875 1264.6805419921875 626.0057373046875
1266.004638671875 621.0647583007812 1266.004638671875 621.0647583007812
1270.2318115234375 519.7509155273438 1270.2318115234375 519.7509155273438
1275.475341796875 521.0535278320312 1275.475341796875 521.0535278320312
1279.285400390625 616.503173828125 1279.285400390625 616.503173828125
1279.285400390625 697.658447265625 1279.285400390625 697.658447265625
1282.8651123046875 528.3113403320312 1282.8651123046875 528.3113403320312
1284.2840576171875 525.8074340820312 1284.2840576171875 525.8074340820312
1292.022216796875 526.0303344726562 1292.022216796875 526.0303344726562
1295.3736572265625 613.5745849609375 1295.3736572265625 613.5745849609375
1297.7694091796875 615.1036376953125 1297.7694091796875 615.1036376953125
1299.6253662109375 612.41259765625 1299.6253662109375 612.41259765625
1301.353271484375 614.4013061523438 1301.353271484375 614.4013061523438
1304.338623046875 605.5017700195312 1304.338623046875 605.5017700195312
1306.2210693359375 611.060546875 1306.2210693359375 611.060546875
1306.662109375 529.3868408203125 1306.662109375 529.3868408203125
1306.85986328125 537.6541137695312 1306.85986328125 537.6541137695312
1308.8004150390625 610.1679077148438 1308.8004150390625 610.1679077148438
1314.7694091796875 604.6243286132812 1314.7694091796875 604.6243286132812
1314.806884765625 535.149169921875 1314.806884765625 535.149169921875
1317.313720703125 549.85693359375 1317.313720703125 549.85693359375
1317.3695068359375 608.9486083984375 1317.3695068359375 608.9486083984375
1318.028076171875 603.4221801757812 1318.028076171875 603.4221801757812
1321.169921875 610.1075439453125 1321.169921875 610.1075439453125
1321.7967529296875 604.695556640625 1321.7967529296875 604.695556640625
1325.9395751953125 536.7918090820312 1325.9395751953125 536.7918090820312
1326.2720947265625 599.8623657226562 1326.2720947265625 599.8623657226562
1328.4222412109375 544.0584716796875 1328.4222412109375 544.0584716796875
1331.1746826171875 613.0460205078125 1331.1746826171875 613.0460205078125
1338.5194091796875 600.6466674804688 1338.5194091796875 600.6466674804688
1339.556396484375 1378.7857666015625 1339.556396484375 1378.7857666015625
1342.011474609375 552.9827270507812 1342.011474609375 552.9827270507812
1342.6202392578125 1355.6165771484375 1342.6202392578125 1355.6165771484375
1342.740234375 545.8864135742188 1342.740234375 545.8864135742188
1344.451171875 600.8987426757812 1344.451171875 600.8987426757812
1346.628173828125 551.5181274414062 1346.628173828125 551.5181274414062
1347.969482421875 598.290771484375 1347.969482421875 598.290771484375
1347.97265625 1443.284423828125 1347.97265625 1443.284423828125
1349.343017578125 557.7534790039062 1349.343017578125 557.7534790039062
1357.12451171875 558.4567260742188 1357.12451171875 558.4567260742188
1358.9461669921875 599.8693237304688 1358.9461669921875 599.8693237304688
1360.9490966796875 557.1063232421875 1360.9490966796875 557.1063232421875
1361.5625 559.584716796875 1361.5625 559.584716796875
1367.72314453125 599.1327514648438 1367.72314453125 599.1327514648438
1370.510498046875 592.759765625 1370.510498046875 592.759765625
1370.6259765625 561.51318359375 1370.6259765625 561.51318359375
1372.19189453125 559.3981323242188 1372.19189453125 559.3981323242188
1380.2528076171875 564.1546630859375 1380.2528076171875 564.1546630859375
1380.601318359375 560.58544921875 1380.601318359375 560.58544921875
1380.71728515625 597.8961791992188 1380.71728515625 597.8961791992188
1384.6116943359375 593.0424194335938 1384.6116943359375 593.0424194335938
1389.342041015625 591.93212890625 1389.342041015625 591.93212890625
1390.65869140625 564.3239135742188 1390.65869140625 564.3239135742188
1391.62646484375 561.42822265625 1391.62646484375 561.42822265625
1398.600830078125 589.7777099609375 1398.600830078125 589.7777099609375
1399.5712890625 560.3071899414062 1399.5712890625 560.3071899414062
1403.9739990234375 559.337890625 1403.9739990234375 559.337890625
1408.31884765625 590.4761962890625 1408.31884765625 590.4761962890625
1425.0697021484375 563.8353881835938 1425.0697021484375 563.8353881835938
1427.3203125 584.0451049804688 1427.3203125 584.0451049804688
1430.4755859375 564.3438110351562 1430.4755859375 564.3438110351562
1434.97021484375 580.7880859375 1434.97021484375 580.7880859375
1437.010498046875 585.1643676757812 1437.010498046875 585.1643676757812
1438.611572265625 564.6394653320312 1438.611572265625 564.6394653320312
1444.7100830078125 579.5228271484375 1444.7100830078125 579.5228271484375
1445.571533203125 1443.895751953125 1445.571533203125 1443.895751953125
1447.566162109375 562.6185913085938 1447.566162109375 562.6185913085938
1449.1214599609375 581.9561157226562 1449.1214599609375 581.9561157226562
1450.5435791015625 560.5945434570312 1450.5435791015625 560.5945434570312
1452.0533447265625 563.8173217773438 1452.0533447265625 563.8173217773438
1453.1982421875 587.1128540039062 1453.1982421875 587.1128540039062
1455.257568359375 558.7904052734375 1455.257568359375 558.7904052734375
1455.75146484375 552.0526733398438 1455.75146484375 552.0526733398438
1456.5260009765625 584.9364624023438 1456.5260009765625 584.9364624023438
1456.977783203125 559.8172607421875 1456.977783203125 559.8172607421875
1458.302001953125 578.9039916992188 1458.302001953125 578.9039916992188
1462.4844970703125 561.6112670898438 1462.4844970703125 561.6112670898438
1467.2501220703125 557.6184692382812 1467.2501220703125 557.6184692382812
1468.348388671875 562.110595703125 1468.348388671875 562.110595703125
1472.4505615234375 581.4459838867188 1472.4505615234375 581.4459838867188
1474.48291015625 557.1864624023438 1474.48291015625 557.1864624023438
1476.747802734375 556.0823974609375 1476.747802734375 556.0823974609375
1480.3995361328125 554.5963745117188 1480.3995361328125 554.5963745117188
1483.3560791015625 583.9898681640625 1483.3560791015625 583.9898681640625
1483.6231689453125 1450.6751708984375 1483.6231689453125 1450.6751708984375
1488.58642578125 579.5950317382812 1488.58642578125 579.5950317382812
1490.0146484375 562.5525512695312 1490.0146484375 562.5525512695312
1490.55322265625 583.2813110351562 1490.55322265625 583.2813110351562
1493.4261474609375 559.71240234375 1493.4261474609375 559.71240234375
1500.2403564453125 581.305908203125 1500.2403564453125 581.305908203125
1504.4554443359375 576.0491333007812 1504.4554443359375 576.0491333007812
1507.658203125 578.5776977539062 1507.658203125 578.5776977539062
1512.979736328125 569.141357421875 1512.979736328125 569.141357421875
1513.13134765625 577.22265625 1513.13134765625 577.22265625
1515.0970458984375 570.868408203125 1515.0970458984375 570.868408203125
1523.560302734375 571.7183227539062 1523.560302734375 571.7183227539062
1532.0391845703125 569.61328125 1532.0391845703125 569.61328125
1537.29296875 567.448486328125 1537.29296875 567.448486328125
1543.6744384765625 567.354736328125 1543.6744384765625 567.354736328125
1548.7711181640625 562.772216796875 1548.7711181640625 562.772216796875
1548.9527587890625 559.4051513671875 1548.9527587890625 559.4051513671875
1551.1505126953125 563.7748413085938 1551.1505126953125 563.7748413085938
1557.274658203125 564.1339111328125 1557.274658203125 564.1339111328125
1569.1253662109375 561.6317749023438 1569.1253662109375 561.6317749023438
1569.8968505859375 558.065185546875 1569.8968505859375 558.065185546875
1573.3729248046875 554.8402099609375 1573.3729248046875 554.8402099609375
1574.67431640625 547.0325317382812 1574.67431640625 547.0325317382812
1580.1728515625 554.5775146484375 1580.1728515625 554.5775146484375
1580.7471923828125 550.0740966796875 1580.7471923828125 550.0740966796875
1588.4530029296875 547.777099609375 1588.4530029296875 547.777099609375
1590.0223388671875 544.385009765625 1590.0223388671875 544.385009765625
1594.4610595703125 544.8248291015625 1594.4610595703125 544.8248291015625
1597.5086669921875 542.8413696289062 1597.5086669921875 542.8413696289062
1601.33740234375 540.6567993164062 1601.33740234375 540.6567993164062
1607.94091796875 532.2711181640625 1607.94091796875 532.2711181640625
1619.109619140625 527.3814086914062 1619.109619140625 527.3814086914062
1641.0152587890625 517.8999633789062 1641.0152587890625 517.8999633789062
1644.5589599609375 516.3565063476562 1644.5589599609375 516.3565063476562
1648.934814453125 519.37109375 1648.934814453125 519.37109375
1651.0556640625 503.96484375 1651.0556640625 503.96484375
1656.13232421875 515.7893676757812 1656.13232421875 515.7893676757812
1657.10986328125 1382.257080078125 1657.10986328125 1382.257080078125
1660.8472900390625 507.7676086425781 1660.8472900390625 507.7676086425781
1663.6036376953125 488.85400390625 1663.6036376953125 488.85400390625
1664.1051025390625 506.6229248046875 1664.1051025390625 506.6229248046875
1665.39404296875 495.55224609375 1665.39404296875 495.55224609375
1665.51416015625 1466.570556640625 1665.51416015625 1466.570556640625
1668.85888671875 480.0438537597656 1668.85888671875 480.0438537597656
1675.911865234375 475.8863220214844 1675.911865234375 475.8863220214844
1678.084716796875 914.5000610351562 1678.084716796875 914.5000610351562
1681.129638671875 465.6496887207031 1681.129638671875 465.6496887207031
1686.0931396484375 465.38287353515625 1686.0931396484375 465.38287353515625
1693.2999267578125 463.0361022949219 1693.2999267578125 463.0361022949219
1694.8900146484375 483.1009521484375 1694.8900146484375 483.1009521484375
1696.2344970703125 459.8339538574219 1696.2344970703125 459.8339538574219
1700.6907958984375 460.68804931640625 1700.6907958984375 460.68804931640625
1703.3150634765625 458.31817626953125 1703.3150634765625 458.31817626953125
1705.461669921875 460.8347473144531 1705.461669921875 460.8347473144531
1711.826904296875 455.9811096191406 1711.826904296875 455.9811096191406
1718.177490234375 454.3251037597656 1718.177490234375 454.3251037597656
1721.9183349609375 452.188232421875 1721.9183349609375 452.188232421875
1727.409423828125 448.53765869140625 1727.409423828125 448.53765869140625
1729.349853515625 444.1621398925781 1729.349853515625 444.1621398925781
1730.67041015625 1475.9619140625 1730.67041015625 1475.9619140625
1735.46044921875 444.1846618652344 1735.46044921875 444.1846618652344
1740.0111083984375 500.95721435546875 1740.0111083984375 500.95721435546875
1753.5135498046875 441.66534423828125 1753.5135498046875 441.66534423828125
1755.6126708984375 444.26019287109375 1755.6126708984375 444.26019287109375
1771.4771728515625 445.4441833496094 1771.4771728515625 445.4441833496094
1778.796142578125 449.29876708984375 1778.796142578125 449.29876708984375
1782.6611328125 1328.43994140625 1782.6611328125 1328.43994140625
1789.0802001953125 455.38653564453125 1789.0802001953125 455.38653564453125
1793.929931640625 1264.680419921875 1793.929931640625 1264.680419921875
1795.7529296875 466.68890380859375 1795.7529296875 466.68890380859375
1798.18115234375 460.81683349609375 1798.18115234375 460.81683349609375
1811.4295654296875 449.25286865234375 1811.4295654296875 449.25286865234375
1811.8170166015625 454.88958740234375 1811.8170166015625 454.88958740234375
1817.4580078125 469.0621643066406 1817.4580078125 469.0621643066406
1823.9788818359375 466.92877197265625 1823.9788818359375 466.92877197265625
1826.0042724609375 463.9632873535156 1826.0042724609375 463.9632873535156
1826.59814453125 469.9618225097656 1826.59814453125 469.9618225097656
1836.85595703125 463.94683837890625 1836.85595703125 463.94683837890625
1839.641845703125 459.8946533203125 1839.641845703125 459.8946533203125
1841.353759765625 462.0052490234375 1841.353759765625 462.0052490234375
1845.1015625 461.0539855957031 1845.1015625 461.0539855957031
1845.216064453125 468.65374755859375 1845.216064453125 468.65374755859375
1850.466796875 459.9565734863281 1850.466796875 459.9565734863281
1860.4158935546875 467.39825439453125 1860.4158935546875 467.39825439453125
1864.64892578125 472.5037536621094 1864.64892578125 472.5037536621094
1868.0970458984375 463.8293151855469 1868.0970458984375 463.8293151855469
1871.4132080078125 472.9991760253906 1871.4132080078125 472.9991760253906
1877.76953125 468.5285339355469 1877.76953125 468.5285339355469
1880.965087890625 1465.548828125 1880.965087890625 1465.548828125
1882.3104248046875 876.2775268554688 1882.3104248046875 876.2775268554688
1883.7529296875 470.3484802246094 1883.7529296875 470.3484802246094
1889.3721923828125 467.97955322265625 1889.3721923828125 467.97955322265625
1897.1007080078125 470.2120056152344 1897.1007080078125 470.2120056152344
1903.8984375 474.00787353515625 1903.8984375 474.00787353515625
1905.0089111328125 470.9299621582031 1905.0089111328125 470.9299621582031
1913.9976806640625 472.0914001464844 1913.9976806640625 472.0914001464844
1914.636474609375 474.4635314941406 1914.636474609375 474.4635314941406
1922.3936767578125 475.0706481933594 1922.3936767578125 475.0706481933594
1926.207763671875 469.9818115234375 1926.207763671875 469.9818115234375
1927.8900146484375 472.69061279296875 1927.8900146484375 472.69061279296875
1933.0460205078125 471.9870300292969 1933.0460205078125 471.9870300292969
1933.8741455078125 468.7750244140625 1933.8741455078125 468.7750244140625
1943.528564453125 472.3756103515625 1943.528564453125 472.3756103515625
1945.8328857421875 465.50762939453125 1945.8328857421875 465.50762939453125
1949.603271484375 465.3948059082031 1949.603271484375 465.3948059082031
1958.6605224609375 465.8709716796875 1958.6605224609375 465.8709716796875
1963.850830078125 461.5675048828125 1963.850830078125 461.5675048828125
1973.021728515625 186.48675537109375 1973.021728515625 186.48675537109375
1975.772216796875 464.16839599609375 1975.772216796875 464.16839599609375
1986.2705078125 457.0019836425781 1986.2705078125 457.0019836425781
1989.0555419921875 464.0693054199219 1989.0555419921875 464.0693054199219
1993.69482421875 462.68817138671875 1993.69482421875 462.68817138671875
1999.1480712890625 461.82318115234375 1999.1480712890625 461.82318115234375
2014.13525390625 458.0528564453125 2014.13525390625 458.0528564453125
2018.096923828125 453.82379150390625 2018.096923828125 453.82379150390625
2018.2694091796875 468.0518798828125 2018.2694091796875 468.0518798828125
2021.3905029296875 457.6619567871094 2021.3905029296875 457.6619567871094
2035.4019775390625 1197.0020751953125 2035.4019775390625 1197.0020751953125
2039.6390380859375 1378.9595947265625 2039.6390380859375 1378.9595947265625
