1839.45654296875 997.9664916992188 277.81097412109375 285.7551574707031
1838.308837890625 1024.49658203125 294.5626220703125 286.7212829589844
1818.0167236328125 936.1334228515625 237.73301696777344 298.521728515625
1805.9306640625 936.2359008789062 237.7087860107422 306.4831237792969
1770.35009765625 1154.6480712890625 344.71209716796875 331.9024353027344
2177.781982421875 1007.6676635742188 291.0854797363281 83.05365753173828
2080.15576171875 962.2737426757812 261.0363464355469 139.51467895507812
1821.2056884765625 1045.590576171875 308.07684326171875 298.3205871582031
1863.10693359375 1097.85693359375 341.9883117675781 272.1019592285156
1837.51123046875 1123.99267578125 358.701416015625 288.5633544921875
1861.8946533203125 885.7999267578125 207.4476318359375 270.2838134765625
1862.545166015625 943.8728637695312 244.2391357421875 270.8006896972656
1839.3505859375 897.4149169921875 214.24404907226562 284.66802978515625
1839.3631591796875 985.6663208007812 270.1658020019531 285.8711853027344
1836.8165283203125 1096.988525390625 340.8025817871094 289.11175537109375
1826.5147705078125 987.0559692382812 270.9032287597656 293.9044494628906
1837.931396484375 1074.4066162109375 326.93377685546875 288.02081298828125
1849.73095703125 962.4132690429688 255.29244995117188 278.2226257324219
2214.245361328125 1005.5943603515625 292.35760498046875 62.43620300292969
701.028564453125 1637.639404296875 192.9937286376953 328.0971374511719
1755.179931640625 984.0167846679688 267.3479309082031 339.73895263671875
2062.22119140625 1014.51611328125 294.5748596191406 151.2223358154297
1792.563720703125 1105.802001953125 346.3368225097656 317.33746337890625
1847.8028564453125 939.9661254882812 241.34564208984375 279.7037353515625
2223.758056640625 919.6563720703125 240.12525939941406 57.120643615722656
1770.1259765625 994.2740478515625 201.15463256835938 328.2299499511719
1840.2987060546875 873.63916015625 199.451416015625 283.25079345703125
1778.2374267578125 939.2777099609375 239.71231079101562 324.1874084472656
1862.1724853515625 1074.4296875 327.17034912109375 272.70123291015625
1791.8470458984375 933.2359619140625 235.4663848876953 315.9949035644531
1853.896728515625 1040.398193359375 304.43817138671875 276.75067138671875
1849.9140625 1009.25537109375 284.83441162109375 277.8292236328125
1848.3861083984375 1109.3114013671875 348.456787109375 281.60565185546875
1797.522216796875 1041.4678955078125 305.4290466308594 313.2061462402344
1780.2418212890625 970.7498168945312 259.33642578125 323.8406677246094
1880.709716796875 1194.2958984375 402.0494689941406 330.3321533203125
2337.95849609375 992.767333984375 279.5186767578125 58.22301483154297
1860.1424560546875 1123.887451171875 358.37420654296875 274.4071044921875
1861.153076171875 986.22998046875 271.2489013671875 272.31689453125
2398.54931640625 1050.93310546875 244.89279174804688 264.7724304199219
1798.580322265625 1077.8760986328125 328.6610107421875 313.273681640625
2011.2578125 980.1318969726562 270.02886962890625 179.54766845703125
1827.853759765625 1000.0075073242188 279.9214782714844 293.31591796875
2190.421875 968.8396606445312 267.7057800292969 75.17166900634766
1790.8536376953125 1043.926025390625 306.8052673339844 318.1695251464844
1784.66650390625 1115.2081298828125 352.4464111328125 321.68609619140625
1827.7064208984375 885.9403076171875 206.9920196533203 291.833984375
1778.8929443359375 1069.7381591796875 323.250732421875 326.03314208984375
1826.1070556640625 914.26123046875 222.78871154785156 293.6186828613281
2171.476318359375 968.7376708984375 266.5965576171875 85.7412338256836
2503.238525390625 1032.583984375 298.9172668457031 309.06231689453125
2508.947509765625 980.6835327148438 299.0281982421875 314.40972900390625
2028.1640625 1065.7657470703125 245.1635284423828 211.9988250732422
1832.4892578125 1128.821533203125 321.6817626953125 236.78924560546875
1819.7657470703125 1089.453857421875 333.8957214355469 299.3667297363281
2225.260986328125 886.7643432617188 220.40835571289062 51.66014099121094
2216.75244140625 904.0792236328125 228.34991455078125 59.33099365234375
1861.155029296875 1024.3885498046875 295.0099792480469 272.8240661621094
1810.4044189453125 1057.4556884765625 315.7005310058594 305.2484436035156
2268.28955078125 1007.6747436523438 363.28936767578125 282.1044921875
2026.420654296875 1029.35302734375 291.3533020019531 168.8750457763672
1904.1751708984375 948.040771484375 251.38719177246094 248.51576232910156
1851.3536376953125 1129.45849609375 249.74786376953125 49.656734466552734
718.0881958007812 1730.61865234375 294.1429138183594 229.60360717773438
1817.7850341796875 1006.2384033203125 282.701904296875 299.2836608886719
1847.1185302734375 930.544677734375 237.09193420410156 278.7711486816406
1992.0855712890625 1000.6980590820312 284.00811767578125 193.60714721679688
1781.813720703125 930.1995239257812 232.70278930664062 321.842041015625
1806.7008056640625 895.5813598632812 211.71566772460938 305.1658935546875
1852.889404296875 923.2636108398438 241.1337890625 194.12257385253906
1847.33642578125 985.817138671875 206.91616821289062 278.76953125
1802.963623046875 1043.5416259765625 306.3522644042969 310.0274353027344
488.3387145996094 327.8642272949219 242.52597045898438 203.3409423828125
1784.405517578125 881.3526000976562 203.24240112304688 318.3523864746094
2392.435546875 1032.8055419921875 334.4149475097656 317.0433044433594
1797.833984375 908.6798706054688 220.843994140625 310.4057312011719
1783.4407958984375 1058.5357666015625 314.65545654296875 320.84039306640625
536.9197387695312 358.4725646972656 319.09698486328125 313.9327392578125
1841.57421875 939.2882690429688 239.8302764892578 284.41143798828125
1868.474609375 886.8474731445312 233.1872100830078 65.99832916259766
126.3625717163086 720.6134033203125 246.95603942871094 326.2569885253906
530.2818603515625 1787.122314453125 230.9364013671875 329.3287048339844
1991.899658203125 979.6914672851562 269.4207763671875 191.218505859375
55.06739044189453 1658.277099609375 294.1580810546875 122.42127227783203
2161.8349609375 975.1351318359375 270.9326171875 92.12162017822266
2429.007568359375 1008.2889404296875 280.7534484863281 305.6211242675781
652.2750244140625 37.275333404541016 285.0467529296875 46.03900909423828
418.9891052246094 1647.453857421875 328.8529052734375 149.58705139160156
572.625244140625 2016.5350341796875 427.1571960449219 248.00338745117188
261.7922668457031 1399.6024169921875 296.25732421875 298.9182434082031
2388.243896484375 1020.0075073242188 220.81964111328125 282.3212890625
