1839.45654296875 997.9664916992188 277.81097412109375 285.7551574707031
1774.003662109375 810.9478149414062 392.96051025390625 329.64459228515625
1972.516357421875 998.0426635742188 394.9263610839844 61.79972457885742
2489.368408203125 1013.9231567382812 271.8871154785156 466.97210693359375
2363.26513671875 1091.903564453125 309.1934814453125 162.5064697265625
1838.308837890625 1024.49658203125 294.5626220703125 286.7212829589844
1818.0167236328125 936.1334228515625 237.73301696777344 298.521728515625
1805.9306640625 936.2359008789062 237.7087860107422 306.4831237792969
1770.35009765625 1154.6480712890625 344.71209716796875 331.9024353027344
1815.8125 1198.8924560546875 408.47357177734375 286.43768310546875
2177.781982421875 1007.6676635742188 291.0854797363281 83.05365753173828
2080.15576171875 962.2737426757812 261.0363464355469 139.51467895507812
1821.2056884765625 1045.590576171875 308.07684326171875 298.3205871582031
1863.10693359375 1097.85693359375 341.9883117675781 272.1019592285156
1871.0845947265625 986.2389526367188 207.562255859375 263.09735107421875
2169.6748046875 961.3289184570312 299.0281982421875 314.40972900390625
1815.1290283203125 1038.260009765625 327.0067138671875 265.58050537109375
1835.7252197265625 1074.5106201171875 326.93377685546875 288.02081298828125
1837.51123046875 1123.99267578125 358.701416015625 288.5633544921875
1861.8946533203125 885.7999267578125 207.4476318359375 270.2838134765625
1862.545166015625 943.8728637695312 244.2391357421875 270.8006896972656
1868.540771484375 936.3186645507812 311.7929382324219 149.50640869140625
2390.1044921875 900.1766357421875 125.08243560791016 300.8021545410156
1839.3505859375 897.4149169921875 214.24404907226562 284.66802978515625
2013.563232421875 1034.7984619140625 371.88702392578125 140.1179962158203
1839.3631591796875 985.6663208007812 270.1658020019531 285.8711853027344
1836.8165283203125 1096.988525390625 340.8025817871094 289.11175537109375
502.4098205566406 576.7717895507812 242.61460876464844 127.67461395263672
1826.5147705078125 987.0559692382812 270.9032287597656 293.9044494628906
1849.73095703125 962.4132690429688 255.29244995117188 278.2226257324219
2168.3935546875 1035.28857421875 307.9122314453125 89.06071472167969
700.9876098632812 1637.43603515625 192.9937286376953 328.0971374511719
2214.245361328125 1005.5943603515625 292.35760498046875 62.43620300292969
1755.179931640625 984.0167846679688 267.3479309082031 339.73895263671875
2062.22119140625 1014.51611328125 294.5748596191406 151.2223358154297
1792.563720703125 1105.802001953125 346.3368225097656 317.33746337890625
1847.8028564453125 939.9661254882812 241.34564208984375 279.7037353515625
2223.758056640625 919.6563720703125 240.12525939941406 57.120643615722656
1770.1259765625 994.2740478515625 201.15463256835938 328.2299499511719
2392.45947265625 1005.012939453125 306.8052673339844 318.1695251464844
1840.2987060546875 873.63916015625 199.451416015625 283.25079345703125
2078.7900390625 996.1195068359375 282.28485107421875 140.1590576171875
1778.2374267578125 939.2777099609375 239.71231079101562 324.1874084472656
2452.942626953125 818.90380859375 252.10984802246094 430.13525390625
2268.28955078125 1007.6747436523438 293.2293701171875 29.795166015625
1862.1724853515625 1074.4296875 327.17034912109375 272.70123291015625
1791.8470458984375 933.2359619140625 235.4663848876953 315.9949035644531
1828.8416748046875 1099.593994140625 341.08465576171875 265.9624328613281
414.8681335449219 938.8612670898438 322.95770263671875 226.6559295654297
2010.4794921875 1043.600341796875 309.3907775878906 178.0918426513672
1853.896728515625 1040.398193359375 304.43817138671875 276.75067138671875
1811.9547119140625 898.0725708007812 243.5948486328125 216.84622192382812
1849.9140625 1009.25537109375 284.83441162109375 277.8292236328125
1848.3861083984375 1109.3114013671875 348.456787109375 281.60565185546875
2171.867431640625 973.846923828125 270.32098388671875 85.61186218261719
2446.324462890625 918.8251342773438 272.1092834472656 265.9714050292969
1797.254150390625 1046.959228515625 308.73651123046875 313.26226806640625
2450.229736328125 1046.11962890625 349.6556091308594 276.7750549316406
855.7313232421875 941.798095703125 133.06924438476562 309.0750732421875
1797.522216796875 1041.4678955078125 305.4290466308594 313.2061462402344
1772.89111328125 1192.1710205078125 402.0494689941406 330.3321533203125
2441.558837890625 1084.8409423828125 340.3511657714844 33.84016418457031
2240.38720703125 995.9542846679688 285.0467529296875 46.03900909423828
1780.2418212890625 970.7498168945312 259.33642578125 323.8406677246094
147.38800048828125 1965.32177734375 390.6622009277344 97.37510681152344
2287.000244140625 965.8175048828125 222.57064819335938 331.9356384277344
2199.922607421875 996.0350341796875 121.7956771850586 297.4920349121094
1996.3035888671875 1030.3524169921875 301.44873046875 189.00546264648438
662.3888549804688 908.275146484375 214.46194458007812 328.5643615722656
1796.442138671875 1077.647216796875 328.6610107421875 313.273681640625
2337.95849609375 992.767333984375 279.5186767578125 58.22301483154297
648.6832885742188 1839.581787109375 192.52786254882812 125.36143493652344
1849.706787109375 1036.741455078125 302.9722595214844 280.52642822265625
1860.1424560546875 1123.887451171875 358.37420654296875 274.4071044921875
2031.25830078125 1012.9928588867188 291.3533020019531 168.8750457763672
2390.4501953125 1032.854248046875 334.4149475097656 317.0433044433594
345.2716064453125 1197.6807861328125 50.47843551635742 4.477828502655029
1861.153076171875 986.22998046875 271.2489013671875 272.31689453125
290.2268371582031 123.72268676757812 301.4380187988281 231.3693389892578
411.0462646484375 652.4441528320312 34.93864440917969 337.13946533203125
205.35177612304688 679.7202758789062 326.5774841308594 254.4872589111328
1785.8482666015625 1077.396728515625 328.2347412109375 321.010498046875
2011.2578125 980.1318969726562 270.02886962890625 179.54766845703125
785.5038452148438 1625.1103515625 391.712890625 115.08788299560547
1827.853759765625 1000.0075073242188 279.9214782714844 293.31591796875
1796.5201416015625 1064.081298828125 319.09698486328125 313.9327392578125
1922.618896484375 1000.5283203125 281.93255615234375 232.8604278564453
911.4983520507812 314.60516357421875 366.2199401855469 43.18594741821289
2190.421875 968.8396606445312 267.7057800292969 75.17166900634766
1803.53955078125 1043.5177001953125 306.3522644042969 310.0274353027344
1784.66650390625 1115.2081298828125 352.4464111328125 321.68609619140625
1904.2845458984375 954.0181274414062 251.38719177246094 248.51576232910156
1849.5804443359375 931.1317138671875 235.7981719970703 278.2199401855469
524.4913940429688 992.1907958984375 140.2935791015625 318.07568359375
734.1719970703125 1913.054931640625 358.2158508300781 83.08958435058594
1827.7064208984375 885.9403076171875 206.9920196533203 291.833984375
1778.8929443359375 1069.7381591796875 323.250732421875 326.03314208984375
1826.1070556640625 914.26123046875 222.78871154785156 293.6186828613281
2171.476318359375 968.7376708984375 266.5965576171875 85.7412338256836
2492.630126953125 879.469970703125 314.6017150878906 235.6837921142578
2141.28564453125 992.684814453125 280.6144714355469 103.89112854003906
168.9970703125 87.86627197265625 224.87144470214844 95.44754028320312
1846.4833984375 985.8900146484375 206.91616821289062 278.76953125
2181.415771484375 989.6160278320312 280.0873107910156 80.6024169921875
2028.1640625 1065.7657470703125 245.1635284423828 211.9988250732422
2418.64306640625 974.5357055664062 282.02716064453125 311.57177734375
492.82550048828125 709.1959228515625 242.52597045898438 203.3409423828125
541.4342041015625 1467.9923095703125 165.6583251953125 133.51510620117188
425.1123962402344 678.7874145507812 339.5731201171875 103.19590759277344
1832.4892578125 1128.821533203125 321.6817626953125 236.78924560546875
1817.739990234375 1005.8760986328125 282.701904296875 299.2836608886719
631.99658203125 1196.41162109375 142.77960205078125 37.0062141418457
2377.511962890625 1079.14013671875 209.62644958496094 68.55357360839844
568.280029296875 1028.6640625 485.0386962890625 120.9689712524414
1819.7657470703125 1089.453857421875 333.8957214355469 299.3667297363281
2225.260986328125 886.7643432617188 220.40835571289062 51.66014099121094
2216.75244140625 904.0792236328125 228.34991455078125 59.33099365234375
99.42679595947266 904.1923828125 322.9864501953125 205.8666534423828
455.9896545410156 1248.036865234375 396.1953430175781 156.9401092529297
2003.2188720703125 972.1197509765625 264.95745849609375 184.0218048095703
417.5461730957031 368.8329772949219 316.8934020996094 393.615234375
2115.1318359375 1011.4890747070312 298.9172668457031 309.06231689453125
99.58767700195312 635.485107421875 346.8367919921875 142.28485107421875
1861.155029296875 1024.3885498046875 295.0099792480469 272.8240661621094
229.99090576171875 1597.097900390625 243.18357849121094 349.998291015625
200.6886444091797 1764.159423828125 81.93529510498047 7.6636881828308105
1808.362548828125 1037.9898681640625 302.79144287109375 305.67462158203125
507.59893798828125 564.9717407226562 205.6461639404297 39.09090042114258
2161.35498046875 965.3468627929688 265.0039978027344 91.73621368408203
1781.78759765625 929.2034912109375 232.70278930664062 321.842041015625
2449.348388671875 942.4195556640625 311.3614807128906 166.6417236328125
58.07720184326172 1103.795166015625 203.4032440185547 63.29514694213867
907.54833984375 898.5546875 158.93565368652344 15.251420021057129
688.0553588867188 783.7762451171875 255.86129760742188 26.606040954589844
195.1476593017578 531.5517578125 473.85302734375 405.62005615234375
2185.673583984375 896.8861694335938 225.0265655517578 77.36845397949219
1784.091064453125 881.8411865234375 203.24240112304688 318.3523864746094
1820.270263671875 1030.1087646484375 296.25732421875 298.9182434082031
229.85299682617188 402.9683837890625 550.0653076171875 396.7229309082031
1810.4044189453125 1057.4556884765625 315.7005310058594 305.2484436035156
609.2951049804688 143.45953369140625 443.168701171875 219.20513916015625
638.6013793945312 1830.4373779296875 446.3690490722656 24.702590942382812
1118.4129638671875 941.7514038085938 246.6929473876953 244.02377319335938
231.52767944335938 823.006103515625 329.5307922363281 372.1040954589844
475.5657653808594 1232.3074951171875 46.43442916870117 77.23532104492188
119.41779327392578 103.69007873535156 455.9441833496094 89.24624633789062
412.67510986328125 1200.317626953125 204.60552978515625 51.340606689453125
2399.37158203125 973.7418212890625 276.2344665527344 319.06170654296875
1933.4049072265625 1089.9783935546875 339.6840515136719 243.61622619628906
2015.2098388671875 1016.3016967773438 293.1173095703125 177.72509765625
587.91357421875 1075.25439453125 292.07757568359375 13.547799110412598
586.3173217773438 84.6986312866211 149.59210205078125 16.256860733032227
412.1462707519531 1602.2113037109375 283.3930969238281 214.16317749023438
1851.3536376953125 1129.45849609375 249.74786376953125 49.656734466552734
615.5654907226562 990.9262084960938 306.8392028808594 125.45249938964844
2001.6856689453125 1013.7837524414062 290.8934020996094 186.0140838623047
1992.0855712890625 1000.6980590820312 284.00811767578125 193.60714721679688
2024.62158203125 1003.163330078125 285.0320129394531 170.97247314453125
1806.7008056640625 895.5813598632812 211.71566772460938 305.1658935546875
175.52529907226562 1311.67578125 337.4708557128906 6.594538688659668
185.5843048095703 814.8018798828125 398.7119140625 24.356922149658203
259.9582214355469 135.1912841796875 9.155261039733887 335.44293212890625
636.0396728515625 1117.4635009765625 267.814453125 212.16311645507812
2133.723388671875 1006.9130859375 289.95184326171875 106.98796844482422
78.89836883544922 316.2739562988281 129.0731658935547 49.873252868652344
188.39549255371094 1983.4114990234375 424.7255859375 81.58330535888672
1848.381591796875 1126.935791015625 265.1439208984375 224.97337341308594
1962.148193359375 1025.3204345703125 299.2670593261719 123.00112915039062
1993.6737060546875 994.3510131835938 278.21343994140625 190.09561157226562
1992.485107421875 979.7135009765625 269.4207763671875 191.218505859375
456.81292724609375 1479.78076171875 72.81121063232422 417.8861389160156
1824.2520751953125 922.025146484375 229.9307861328125 293.19610595703125
2207.657958984375 998.1605834960938 125.92252349853516 284.2004089355469
2110.1240234375 978.32666015625 301.5861511230469 182.920654296875
2019.8055419921875 978.711181640625 301.5361328125 177.12734985351562
2133.568603515625 980.0147094726562 273.1357116699219 107.92477416992188
449.1503601074219 146.7041015625 329.15191650390625 130.13702392578125
780.5089111328125 107.04613494873047 228.73709106445312 314.75970458984375
2128.604248046875 1001.8969116210938 286.30584716796875 109.9013900756836
223.65890502929688 1854.9453125 416.8927307128906 129.00079345703125
691.2213745117188 993.6719970703125 118.23685455322266 293.87078857421875
2080.880859375 994.9757080078125 308.7590026855469 41.9389762878418
1797.833984375 908.6798706054688 220.843994140625 310.4057312011719
2391.777587890625 1039.0198974609375 340.34393310546875 313.45904541015625
1783.4407958984375 1058.5357666015625 314.65545654296875 320.84039306640625
86.59838104248047 1509.307373046875 328.8529052734375 149.58705139160156
30.04184341430664 837.6994018554688 336.7703857421875 380.73321533203125
302.6011962890625 83.52623748779297 466.5040283203125 368.5815124511719
183.4704132080078 2003.952880859375 186.97219848632812 77.96623229980469
1875.1456298828125 987.373291015625 271.79730224609375 261.43408203125
501.2020263671875 34.219886779785156 197.3208465576172 21.022228240966797
2104.08837890625 981.486083984375 273.30499267578125 124.46464538574219
386.7024841308594 1200.5228271484375 300.073486328125 94.93960571289062
1841.57421875 939.2882690429688 239.8302764892578 284.41143798828125
126.3625717163086 720.6134033203125 246.95603942871094 326.2569885253906
14.238594055175781 1538.790283203125 356.6109924316406 314.7747497558594
185.3347625732422 1007.9627075195312 145.81582641601562 291.01678466796875
641.116455078125 1206.5335693359375 275.8846435546875 197.15823364257812
54.37899398803711 1771.3116455078125 283.6568908691406 96.33265686035156
803.9580688476562 1341.7105712890625 294.1580810546875 122.42127227783203
2144.049072265625 1031.3167724609375 305.05072021484375 102.90473937988281
641.6953125 296.2757263183594 147.84051513671875 257.56024169921875
103.68761444091797 333.0503234863281 306.8310241699219 170.21719360351562
2126.081787109375 975.6961059570312 269.5780029296875 111.1819076538086
1834.00244140625 929.9068603515625 235.59107971191406 288.7770690917969
406.4183654785156 427.4908447265625 259.0995788574219 24.04954719543457
234.91357421875 1393.6800537109375 293.64971923828125 116.29508209228516
1962.1182861328125 966.8090209960938 260.9417724609375 209.7008819580078
1776.2403564453125 887.3189086914062 202.76605224609375 324.309326171875
326.4173889160156 83.39479064941406 280.205810546875 182.86065673828125
202.64149475097656 1267.4696044921875 282.438232421875 88.45037841796875
1796.8458251953125 988.3787841796875 270.8462219238281 311.025634765625
607.09765625 188.7749786376953 257.06634521484375 261.76422119140625
182.4007110595703 329.4065246582031 337.4135437011719 141.6916046142578
500.69281005859375 1891.22216796875 285.619384765625 92.61248779296875
1811.55908203125 880.707763671875 203.9293212890625 301.6891174316406
2161.8349609375 975.1351318359375 270.9326171875 92.12162017822266
835.2257690429688 40.77928924560547 346.8885803222656 374.86285400390625
226.61676025390625 58.39194107055664 288.404052734375 125.84879302978516
468.0359191894531 1841.2196044921875 408.8763122558594 189.5337677001953
212.1242218017578 646.1220703125 239.9568328857422 463.4539794921875
2401.658203125 1029.676025390625 331.7969970703125 308.2956848144531
531.853759765625 909.8977661132812 211.63938903808594 33.557769775390625
441.0711364746094 1274.6329345703125 201.420166015625 76.4719467163086
152.45379638671875 1925.184814453125 278.8140563964844 91.98839569091797
428.5128173828125 1464.0728759765625 273.7484130859375 115.83893585205078
34.46601104736328 210.49082946777344 274.3881530761719 182.3230438232422
2431.7412109375 1045.9534912109375 275.66180419921875 77.2784423828125
1823.4918212890625 954.24072265625 244.64102172851562 295.29949951171875
475.6909484863281 2052.03564453125 414.53143310546875 190.97918701171875
2411.073974609375 939.1892700195312 294.0426025390625 101.04634857177734
602.655517578125 697.5448608398438 291.12518310546875 97.57565307617188
157.5680389404297 1768.86181640625 435.4647216796875 303.0419921875
