227.5 1731.5 750.0 158.0
427.0 1518.0 520.6376977344855 404.67218561989176
547.5 539.5 195.5 251.5
792.8738084913064 705.1925676241744 336.5 418.5
955.5 571.5 403.9650788387052 285.17113959936523
997.2276682542187 990.1566004423531 453.0 677.0
1058.5 1502.5 516.0 517.0
1146.0 1495.0 349.0 230.0
1187.0 73.0 766.0 75.0
1195.9246737676385 766.0037508062176 529.5 477.5
1378.0 722.0 432.0 555.0
1467.5 747.5 658.5235200658624 454.87676708413665
1481.5 613.5 662.7661607529816 326.183332908185
1640.5 178.5 544.6793282948282 430.12802974260745
1643.5 827.5 729.5 525.5
1695.0 492.0 869.0 457.0
1744.6395359683995 715.0920625607862 784.3885271170678 428.00670939904785
1745.0 987.0 993.0 275.0
1761.5 889.5 985.2068529740474 63.13961030678928
1800.0 989.0 725.0 133.0
1812.521786962308 760.3468965567251 809.5 469.5
1821.714175117733 609.7331521639906 738.0 281.0
1835.5 771.5 822.5722933011414 477.5041840821062
2025.5 645.5 917.3246019801387 354.4676041556469
2214.0 481.0 435.0 192.0
2446.7965696866413 578.6204537917824 540.4366876077089 505.0813485483815
