1753.5 961.5 252.64422766478404 337.4970414071697
1761.5 989.5 269.6147904132612 334.66861428242356
1773.6309139970479 1082.0804819966042 330.0 328.0
1774.3380207782343 1191.6820330805192 402.5 328.5
1776.5 1104.5 346.68942956259485 326.89043968937153
1777.1664479029805 988.0352800987935 268.9076836320746 324.0620125646253
1777.1664479029805 1027.6332598452402 295.7777413171634 325.4762261269984
1777.5 1005.5 280.5 324.5
1777.5 1161.5 382.7518754031088 326.183332908185
1777.5 1189.5 399.72243815158595 326.183332908185
1778.5806614653536 879.1408357960652 201.5 321.5
1779.9948750277267 1061.5743853421945 316.5 322.5
1780.5 994.5 275.9787514439401 321.23358543987916
1781.5 1077.5 329.0117600329312 323.35490578343877
1781.5 1113.5 351.63917703090067 323.35490578343877
1782.5 876.5 199.61121907579297 319.81937187750606
1782.5 910.5 220.8244225113894 321.23358543987916
1782.5 932.5 234.96655813512035 321.23358543987916
1782.5 960.5 253.35133444597056 319.81937187750606
1784.237515714846 924.3956697920042 229.5 317.5
1785.5 969.5 258.30108191427644 317.6980515339464
1791.3085835267116 1067.2312395916867 321.23358543987916 316.99094475275984
1794.5 1080.5 330.0 316.0
1794.5 1114.5 352.3462838120872 316.99094475275984
1795.5 1083.5 330.42597359530424 313.45541084682714
1796.2583309950173 1070.7667734976196 324.0 314.0
1796.965437776204 934.2951647286159 236.5 310.5
1797.5 1105.5 346.5 314.5
1797.6725445573904 1050.9677836243961 312.0 313.0
1799.0867581197635 1120.264248180678 356.0 311.0
1800.5009716821367 1042.4825022501577 306.0 310.0
1801.5 1165.5 385.580302527855 312.04119728445403
1802.5 1114.5 352.3462838120872 311.3340905032675
1803.3293988068829 1080.6662684342311 332.0 309.0
1804.5 1062.5 319.81937187750606 308.50566337852126
1804.5 1086.5 335.3757210636101 309.91987694089437
1804.5 1106.5 346.68942956259485 309.91987694089437
1804.743612369256 1099.0510447450815 342.0 308.0
1805.4507191504424 900.3540392316617 214.5 306.5
1805.4507191504424 951.265727477093 248.5 306.5
1805.5 1149.5 374.2665940288702 309.2127701597078
1806.5 1110.5 350.9320702497141 307.0914498161482
1808.2791462751886 1087.0302294649102 334.5 306.5
1808.5 898.5 215.167568261897 304.263022691402
1808.5 910.5 222.23863607376248 302.8488091290289
1808.5 934.5 236.38077169749343 302.8488091290289
1808.5 960.5 254.76554800834367 304.263022691402
1808.9862530563753 939.2449121969217 240.0 304.0
1809.5 1005.5 280.9284989122459 303.55591591021545
1810.5 876.5 201.02543263816605 301.4345955666558
1810.5 1046.5 308.50566337852126 304.263022691402
1811.1075733999348 1038.9469683442248 302.5 304.5
1811.8146801811215 1066.5241328105003 321.0 303.0
1813.5 1061.5 318.5 302.5
1813.936000524681 922.9814562296311 229.30970388562795 300.02038200428274
1814.5 942.5 242.03762594698583 300.02038200428274
1816.5 994.5 274.564537881567 300.02038200428274
1824.5 996.5 275.9787514439401 294.3635277547903
1824.5 1004.5 281.0 295.0
1824.5 1056.5 314.1625176280137 294.3635277547903
1825.5 925.5 232.5 294.5
1827.3710293672254 1007.1271631908303 283.0 294.0
1828.078136148412 939.9520189781083 240.5 292.5
1830.5 1048.5 309.91987694089437 292.94931419241726
1831.6136700543448 1018.440871689815 291.0 290.0
1832.5 1092.5 338.20414818835627 291.53510063004416
1832.5 1100.5 343.86100243784864 291.53510063004416
1832.5 1118.5 355.17471093683343 291.53510063004416
1833.0278836167179 1004.2987360660841 281.0 289.0
1833.5 965.5 258.30108191427644 289.4137802864845
1833.5 1073.5 326.183332908185 289.4137802864845
1833.5 1097.5 340.32546853191593 289.4137802864845
1833.7349903979043 866.4129137347073 194.5 288.5
1833.7349903979043 891.868757857423 210.5 286.5
1833.7349903979043 990.8637072235397 272.5 288.5
1834.5 878.5 202.43964620053916 287.29245994292484
1835.1492039602774 867.8271272970804 197.5 285.5
1835.1492039602774 901.7682527940347 217.5 285.5
1835.1492039602774 1128.0424227737299 361.5 289.5
1835.5 1123.5 358.71024484276614 290.8279938488576
1841.5 933.5 235.67366491630688 283.7569260369921
1841.5 1033.5 300.7274887854693 283.7569260369921
1842.220271772143 1058.7459582174483 316.5 284.5
1844.5 988.5 272.0 283.0
1845.0486988968892 1044.6038225937173 308.5 284.5
1847.8771260216354 1126.6282092113568 362.5 282.5
1849.998446365195 936.4164850721755 240.0 278.0
1852.8268734899411 1104.707898994574 346.0 278.0
1856.362407395874 1115.3145007123721 354.5 276.5
1858.4837277394336 1031.1687937511729 300.0 275.0
1865.5 1073.5 326.183332908185 269.6147904132612
1867.5 883.5 205.9751801064719 268.20057685088807
1867.6761158948586 979.5499987245549 266.5 266.5
1867.6761158948586 990.8637072235397 272.5 268.5
1867.6761158948586 1019.1479784710016 292.5 268.5
1875.5 1019.5 290.8279938488576 262.5437226013957
1889.5 989.5 274.5 254.5
1931.5 963.5 256.88686835190333 228.6025971044414
1936.9725804511404 958.3367952889585 253.5 225.5
1941.2152211382597 954.0941546018393 252.5 222.5
1970.9137059480947 1099.758151526268 345.5 205.5
2009.0974721321681 979.5499987245549 270.32189719444773 181.22644276494273
2009.5 1033.5 302.5 182.5
2016.1685399440337 952.6799410394661 253.5 177.5
2027.5 1059.5 319.1122650963195 172.0340546095176
2035.5 963.5 262.5437226013957 166.37720036002523
2050.109665440988 1020.5621920333747 297.8990616607231 156.47770542341357
2051.523879003361 959.7510088513316 258.5 156.5
2055.7665196904804 997.9347750354052 280.9284989122459 153.64927829866738
2056.0 1076.0 332.0 154.0
2061.423373939973 1054.503317530329 317.6980515339464 150.82085117392117
2061.5 1057.5 320.5 152.5
2067.0802281894653 969.6505037879433 265.5 145.5
2072.5 944.5 249.1086937588513 143.04267658086917
2089.5 953.5 255.47265478953022 133.85028842544403
2134.9624791833735 969.6505037879433 266.78636328851496 105.56601717798213
2134.9624791833735 1037.5327547818517 309.2127701597078 105.56601717798213
2157.5 965.5 264.5 92.5
2157.589896181343 986.6210665364204 278.10007178749976 94.25230867899738
2157.589896181343 1009.24848353439 292.2422074112307 94.25230867899738
2169.5 1033.5 308.5 86.5
2177.5 1005.5 290.5 82.5
2185.5 893.5 222.5 76.5
2185.5 989.5 280.5 78.5
2205.5 897.5 224.5 66.5
2205.5 997.5 284.5 66.5
2212.744225113894 906.010893481154 230.72391744800106 61.01828996322964
2248.099564173221 1031.8759005323595 306.38434303496166 40.51219330881976
