1936.0 496.0 704.0 496.0
336.0 528.0 64.0 368.0
400.0 528.0 240.0 192.0
432.0 528.0 64.0 368.0
464.0 528.0 720.0 64.0
560.0 528.0 208.0 128.0
688.0 528.0 208.0 128.0
752.0 528.0 64.0 368.0
944.0 528.0 32.0 32.0
1584.0 528.0 208.0 128.0
336.0 560.0 624.0 224.0
368.0 560.0 560.0 96.0
592.0 560.0 432.0 192.0
1296.0 560.0 752.0 528.0
1328.0 560.0 624.0 224.0
1520.0 560.0 768.0 128.0
1616.0 560.0 704.0 496.0
1008.0 592.0 368.0 256.0
1264.0 592.0 608.0 192.0
1328.0 592.0 704.0 64.0
1488.0 592.0 64.0 560.0
1552.0 592.0 208.0 256.0
144.0 624.0 192.0 352.0
816.0 656.0 160.0 272.0
1040.0 656.0 432.0 192.0
1232.0 656.0 624.0 224.0
784.0 688.0 624.0 224.0
976.0 1136.0 336.0 64.0
80.0 1168.0 256.0 272.0
1616.0 1424.0 304.0 160.0
