336 176
352 176
368 176
384 176
400 176
416 176
432 176
448 176
464 176
480 176
496 176
512 176
528 176
544 176
256 192
272 192
288 192
304 192
368 192
384 192
400 192
416 192
432 192
448 192
464 192
480 192
496 192
512 192
528 192
544 192
560 192
576 192
592 192
608 192
624 192
640 192
656 192
240 208
288 208
304 208
320 208
336 208
352 208
368 208
384 208
400 208
416 208
432 208
448 208
464 208
480 208
496 208
512 208
528 208
544 208
560 208
576 208
592 208
608 208
624 208
640 208
656 208
672 208
288 224
304 224
336 224
352 224
368 224
384 224
400 224
416 224
432 224
448 224
464 224
480 224
496 224
512 224
528 224
544 224
560 224
576 224
592 224
608 224
624 224
640 224
656 224
672 224
240 240
256 240
272 240
288 240
304 240
320 240
336 240
352 240
368 240
384 240
400 240
416 240
432 240
448 240
464 240
480 240
496 240
512 240
528 240
544 240
560 240
576 240
592 240
608 240
624 240
640 240
656 240
672 240
688 240
224 256
240 256
256 256
272 256
288 256
304 256
320 256
336 256
352 256
368 256
400 256
416 256
432 256
448 256
464 256
480 256
496 256
512 256
528 256
544 256
560 256
576 256
592 256
608 256
624 256
640 256
656 256
672 256
688 256
224 272
256 272
272 272
288 272
304 272
320 272
336 272
352 272
400 272
416 272
432 272
448 272
464 272
480 272
496 272
512 272
528 272
544 272
560 272
576 272
592 272
608 272
624 272
640 272
656 272
672 272
688 272
224 288
240 288
256 288
272 288
288 288
304 288
320 288
336 288
352 288
368 288
384 288
400 288
416 288
432 288
448 288
464 288
480 288
496 288
512 288
528 288
544 288
560 288
576 288
592 288
608 288
624 288
640 288
656 288
672 288
688 288
704 288
208 304
224 304
240 304
256 304
272 304
288 304
304 304
320 304
336 304
352 304
368 304
416 304
432 304
448 304
464 304
480 304
496 304
512 304
528 304
544 304
560 304
576 304
592 304
608 304
624 304
640 304
656 304
672 304
688 304
704 304
208 320
224 320
240 320
256 320
272 320
288 320
304 320
320 320
336 320
352 320
368 320
384 320
400 320
416 320
432 320
448 320
464 320
480 320
496 320
528 320
544 320
560 320
576 320
592 320
624 320
640 320
656 320
672 320
688 320
704 320
720 320
192 336
208 336
224 336
240 336
256 336
272 336
288 336
304 336
320 336
336 336
352 336
368 336
400 336
416 336
448 336
464 336
480 336
496 336
512 336
528 336
544 336
576 336
592 336
608 336
624 336
640 336
656 336
672 336
688 336
704 336
720 336
192 352
208 352
224 352
240 352
256 352
272 352
288 352
304 352
320 352
336 352
352 352
368 352
384 352
400 352
416 352
432 352
448 352
464 352
480 352
496 352
512 352
528 352
544 352
560 352
576 352
592 352
608 352
624 352
640 352
656 352
672 352
704 352
720 352
192 368
208 368
224 368
240 368
256 368
272 368
288 368
304 368
336 368
352 368
368 368
384 368
400 368
416 368
432 368
448 368
464 368
480 368
496 368
512 368
528 368
544 368
560 368
576 368
592 368
608 368
624 368
640 368
656 368
672 368
688 368
736 368
176 384
208 384
224 384
240 384
256 384
272 384
288 384
304 384
320 384
336 384
352 384
368 384
384 384
416 384
432 384
448 384
464 384
480 384
496 384
512 384
528 384
544 384
560 384
576 384
592 384
608 384
624 384
640 384
656 384
672 384
688 384
704 384
720 384
176 400
208 400
224 400
240 400
256 400
272 400
288 400
304 400
320 400
336 400
352 400
368 400
384 400
400 400
416 400
432 400
448 400
464 400
480 400
496 400
512 400
528 400
544 400
560 400
576 400
592 400
608 400
624 400
640 400
656 400
672 400
688 400
704 400
176 416
192 416
208 416
224 416
240 416
256 416
272 416
288 416
304 416
320 416
336 416
352 416
368 416
384 416
400 416
416 416
432 416
448 416
464 416
480 416
496 416
512 416
528 416
544 416
560 416
576 416
592 416
608 416
624 416
640 416
656 416
672 416
160 432
176 432
192 432
208 432
224 432
240 432
272 432
288 432
304 432
320 432
336 432
352 432
368 432
384 432
400 432
416 432
432 432
448 432
464 432
480 432
496 432
512 432
544 432
560 432
576 432
592 432
608 432
624 432
640 432
656 432
160 448
176 448
192 448
208 448
224 448
240 448
256 448
272 448
288 448
304 448
320 448
336 448
352 448
368 448
384 448
400 448
416 448
432 448
448 448
464 448
480 448
496 448
512 448
528 448
544 448
560 448
576 448
592 448
608 448
624 448
160 464
176 464
192 464
208 464
224 464
240 464
256 464
272 464
288 464
304 464
320 464
336 464
352 464
368 464
384 464
400 464
416 464
432 464
448 464
464 464
496 464
512 464
528 464
544 464
560 464
576 464
592 464
608 464
144 480
160 480
176 480
192 480
208 480
224 480
240 480
256 480
272 480
288 480
304 480
320 480
336 480
352 480
368 480
384 480
400 480
416 480
432 480
448 480
464 480
480 480
496 480
512 480
528 480
544 480
560 480
576 480
144 496
160 496
176 496
192 496
208 496
224 496
240 496
256 496
272 496
288 496
304 496
320 496
336 496
352 496
368 496
384 496
400 496
416 496
432 496
448 496
464 496
480 496
496 496
512 496
528 496
544 496
560 496
144 512
160 512
176 512
192 512
208 512
224 512
240 512
256 512
272 512
288 512
304 512
320 512
336 512
352 512
432 512
448 512
464 512
480 512
496 512
512 512
528 512
128 528
144 528
160 528
176 528
192 528
208 528
224 528
240 528
256 528
272 528
288 528
304 528
384 528
400 528
416 528
432 528
448 528
464 528
480 528
496 528
128 544
144 544
160 544
176 544
192 544
208 544
224 544
272 544
288 544
304 544
320 544
336 544
416 544
448 544
176 560
192 560
240 560
256 560
