66.0 1032.0 138.0 284.0
124.0 741.0 69.50357133746822 555.993036793813
148.5 596.5 109.0 175.0
166.37720036002523 104.15180361560904 434.5 86.5
352.3462838120872 612.5615792887368 74.5 224.5
417.5 601.5 124.65790027001891 215.167568261897
428.00670939904785 767.4179643685907 140.21424945612296 278.8071785686863
430.835136523794 781.5600999923216 143.04267658086917 285.8782463805518
438.61331111684603 734.1839456528229 147.28531726798843 268.9076836320746
451.5 763.5 153.5 277.5
552.4575028878802 767.4179643685907 202.43964620053916 277.3929650063132
552.5 762.5 203.0 273.0
555.2859300126264 747.6189744953673 202.43964620053916 266.0792565073284
558.0 603.0 626.7037149124677 526.294551983978
564.5 764.5 209.0 274.0
566.5 756.5 209.0 270.0
566.5996385116111 750.4474016201135 208.09650045003153 267.4934700697015
568.0138520739843 760.3468965567251 147.99242404917499 278.10007178749976
588.0 601.0 32.0 280.0
859.5 659.5 119.70815280171308 190.41883092036784
918.5 610.5 773.7819253992695 150.11374439273465
920.1530291048849 164.96298679765212 737.5 525.5
1224.2089450151004 635.8961030678928 529.8300858899107 207.38939366884497
1556.0 644.0 444.97727214752496 80.11017305526643
1561.5 481.5 570.1351724175439 466.89758236430794
1700.091808753647 988.74238687998 566.0 25.0
1742.0 1300.0 114.75840533340725 58.18986283848345
1748.5 416.5 41.0 49.0
1790.5 388.5 160.0132393293463 123.24368670764582
1791.0 614.0 290.0 399.0
1862.7263684265529 604.0762979144981 616.0 14.0
1994.0 619.0 295.7777413171634 495.18185361176984
