523.0 1166.0 285.0 81.0
726.0 689.0 432.0 66.0
1347.5 651.5 257.5939751330899 363.659992311072
1353.6094859722386 994.3992411294724 253.0 132.0
1429.5 981.5 263.9579361637688 394.0655839020935
1715.5 955.5 245.57315985291856 358.71024484276614
1738.982681718907 958.3367952889585 249.5 349.5
1749.5 957.5 252.5 340.5
1753.5 961.5 252.64422766478404 337.4970414071697
1761.5 973.5 258.5 332.5
1761.5 989.5 269.6147904132612 334.66861428242356
1761.5 1197.5 402.5508652763321 337.4970414071697
1761.6100987168766 941.3662325404814 237.5 333.5
1763.5 1075.5 336.08282784479667 336.08282784479667
1773.5 961.5 250.5 326.5
1773.6309139970479 1082.0804819966042 330.0 328.0
1774.3380207782343 1191.6820330805192 402.5 328.5
1776.5 1104.5 346.68942956259485 326.89043968937153
1777.1664479029805 988.0352800987935 268.9076836320746 324.0620125646253
1777.1664479029805 1027.6332598452402 295.7777413171634 325.4762261269984
1777.5 1005.5 280.5 324.5
1777.5 1161.5 382.7518754031088 326.183332908185
1777.5 1189.5 399.72243815158595 326.183332908185
1778.5806614653536 879.1408357960652 201.5 321.5
1779.5 1019.5 285.17113959936523 324.7691193458119
1779.9948750277267 1061.5743853421945 316.5 322.5
1780.5 994.5 275.9787514439401 321.23358543987916
1781.5 1077.5 329.0117600329312 323.35490578343877
1781.5 1113.5 351.63917703090067 323.35490578343877
1782.1161953712865 916.6174951989522 206.0 319.0
1782.5 876.5 199.61121907579297 319.81937187750606
1782.5 910.5 220.8244225113894 321.23358543987916
1782.5 932.5 234.96655813512035 321.23358543987916
1782.5 960.5 253.35133444597056 319.81937187750606
1784.237515714846 924.3956697920042 229.5 317.5
1784.237515714846 952.6799410394661 245.5 317.5
1785.5 893.5 212.5 316.5
1785.5 969.5 258.30108191427644 317.6980515339464
1787.5 1155.5 375.6808075912433 319.1122650963195
1791.3085835267116 1067.2312395916867 321.23358543987916 316.99094475275984
1793.4299038702711 1200.8744212359443 410.32903986938413 287.29245994292484
1794.5 1080.5 330.0 316.0
1794.5 1114.5 352.3462838120872 316.99094475275984
1795.5 1051.5 309.5 309.5
1795.5 1083.5 330.42597359530424 313.45541084682714
1796.2583309950173 1070.7667734976196 324.0 314.0
1796.965437776204 934.2951647286159 236.5 310.5
1797.5 1105.5 346.5 314.5
1797.6725445573904 1050.9677836243961 312.0 313.0
1799.0867581197635 1120.264248180678 356.0 311.0
1800.5009716821367 1042.4825022501577 306.0 310.0
1801.2080784633233 890.4545442950499 209.5 305.5
1801.2080784633233 1077.1307345282985 326.183332908185 309.2127701597078
1801.2080784633233 1156.3266940211918 381.5 305.5
1801.5 1165.5 385.580302527855 312.04119728445403
1802.5 980.5 253.35133444597056 314.1625176280137
1802.5 1114.5 352.3462838120872 311.3340905032675
1803.3293988068829 1080.6662684342311 332.0 309.0
1804.5 1062.5 319.81937187750606 308.50566337852126
1804.5 1086.5 335.3757210636101 309.91987694089437
1804.5 1106.5 346.68942956259485 309.91987694089437
1804.743612369256 1099.0510447450815 342.0 308.0
1805.4507191504424 889.0403307326768 206.5 306.5
1805.4507191504424 900.3540392316617 214.5 306.5
1805.4507191504424 951.265727477093 248.5 306.5
1805.5 1149.5 374.2665940288702 309.2127701597078
1806.5 1110.5 350.9320702497141 307.0914498161482
1808.2791462751886 1087.0302294649102 334.5 306.5
1808.5 898.5 215.167568261897 304.263022691402
1808.5 910.5 222.23863607376248 302.8488091290289
1808.5 934.5 236.38077169749343 302.8488091290289
1808.5 960.5 254.76554800834367 304.263022691402
1808.9862530563753 939.2449121969217 240.0 304.0
1809.5 989.5 269.6147904132612 306.38434303496166
1809.5 1005.5 280.9284989122459 303.55591591021545
1810.0 933.0 318.40515831513295 288.70667350529794
1810.5 876.5 201.02543263816605 301.4345955666558
1810.5 1046.5 308.50566337852126 304.263022691402
1811.1075733999348 1038.9469683442248 302.5 304.5
1811.8146801811215 1066.5241328105003 321.0 303.0
1813.5 1037.5 300.7274887854693 303.55591591021545
1813.5 1061.5 318.5 302.5
1813.936000524681 922.9814562296311 229.30970388562795 300.02038200428274
1814.5 942.5 242.03762594698583 300.02038200428274
1816.5 994.5 274.564537881567 300.02038200428274
1824.5 996.5 275.9787514439401 294.3635277547903
1824.5 1004.5 281.0 295.0
1824.5 1056.5 314.1625176280137 294.3635277547903
1825.5 925.5 232.5 294.5
1825.5 941.5 244.15894629054546 295.07063453597686
1827.3710293672254 1007.1271631908303 283.0 294.0
1827.5 995.5 273.85743110038044 290.8279938488576
1828.078136148412 939.9520189781083 240.5 292.5
1829.5 981.5 269.6147904132612 295.07063453597686
1830.5 1048.5 309.91987694089437 292.94931419241726
1831.6136700543448 1018.440871689815 291.0 290.0
1832.5 1092.5 338.20414818835627 291.53510063004416
1832.5 1100.5 343.86100243784864 291.53510063004416
1832.5 1118.5 355.17471093683343 291.53510063004416
1833.0278836167179 1004.2987360660841 281.0 289.0
1833.5 965.5 258.30108191427644 289.4137802864845
1833.5 1073.5 326.183332908185 289.4137802864845
1833.5 1097.5 340.32546853191593 289.4137802864845
1833.7349903979043 866.4129137347073 194.5 288.5
1833.7349903979043 891.868757857423 210.5 286.5
1833.7349903979043 990.8637072235397 272.5 288.5
1834.5 878.5 202.43964620053916 287.29245994292484
1835.0 1131.0 334.66861428242356 139.50714267493643
1835.1492039602774 867.8271272970804 197.5 285.5
1835.1492039602774 901.7682527940347 217.5 285.5
1835.1492039602774 947.0230867899737 246.98737341529164 283.7569260369921
1835.1492039602774 969.6505037879433 261.5 285.5
1835.1492039602774 1128.0424227737299 361.5 289.5
1835.5 931.5 234.2594513539338 290.8279938488576
1835.5 1123.5 358.71024484276614 290.8279938488576
1840.5 928.5 232.13813101037414 281.63560569343247
1841.5 933.5 235.67366491630688 283.7569260369921
1841.5 1033.5 300.7274887854693 283.7569260369921
1842.220271772143 1058.7459582174483 316.5 284.5
1844.5 988.5 272.0 283.0
1845.0486988968892 906.010893481154 220.5 278.5
1845.0486988968892 1044.6038225937173 308.5 284.5
1845.5 985.5 269.6147904132612 283.7569260369921
1847.8771260216354 1044.6038225937173 308.5 278.5
1847.8771260216354 1126.6282092113568 362.5 282.5
1849.5 869.5 198.90411229460642 275.27164466275354
1849.5 905.5 218.70310216782974 275.27164466275354
1849.998446365195 936.4164850721755 240.0 278.0
1852.8268734899411 1104.707898994574 346.0 278.0
1854.5 884.5 270.0 277.0
1856.362407395874 1115.3145007123721 354.5 276.5
1857.7766209582471 935.709378290989 237.5 269.5
1858.4837277394336 1031.1687937511729 300.0 275.0
1859.1908345206202 1129.456636336103 362.5 272.5
1859.5 987.5 268.20057685088807 268.20057685088807
1863.4334752077393 884.7976900455576 209.5 265.5
1865.5 1073.5 326.183332908185 269.6147904132612
1867.5 883.5 205.9751801064719 268.20057685088807
1867.6761158948586 979.5499987245549 266.5 266.5
1867.6761158948586 990.8637072235397 272.5 268.5
1867.6761158948586 1019.1479784710016 292.5 268.5
1868.3832226760453 1083.4946955589774 275.9787514439401 259.00818869546293
1869.0903294572317 862.170273047588 198.90411229460642 263.9579361637688
1872.6258633631646 1067.9383463728734 320.5 244.5
1875.5 1019.5 290.8279938488576 262.5437226013957
1880.4040379562166 771.66060505571 142.5 256.5
1884.0 1198.0 407.500612744638 333.961507501237
1887.0 995.0 308.0 227.0
1889.5 989.5 274.5 254.5
1890.3035328928281 1183.1967517062806 410.5 322.5
1914.345163453171 958.3367952889585 255.47265478953022 235.67366491630688
1921.5 1045.5 306.38434303496166 235.67366491630688
1925.6588719521556 997.9347750354052 281.5 229.5
1931.5 963.5 256.88686835190333 228.6025971044414
1931.5 1099.5 341.73968209428904 228.6025971044414
1936.9725804511404 958.3367952889585 253.5 225.5
1941.2152211382597 954.0941546018393 252.5 222.5
1941.5 1041.5 306.38434303496166 221.53152929257593
1948.286288950125 1077.1307345282985 329.5 213.5
1952.0 1002.0 267.0 74.0
1952.5289296372443 939.9520189781083 242.5 212.5
1953.9431431996175 1003.5916292848975 281.5 213.5
1955.5 1035.5 305.5 217.5
1970.9137059480947 1099.758151526268 345.5 205.5
2009.0974721321681 979.5499987245549 270.32189719444773 181.22644276494273
2009.5 1033.5 302.5 182.5
2016.1685399440337 952.6799410394661 253.5 177.5
2021.5 997.5 284.5 174.5
2027.5 1059.5 319.1122650963195 172.0340546095176
2035.5 963.5 262.5437226013957 166.37720036002523
2035.5 995.5 277.5 161.5
2035.5 1027.5 296.48484809834997 166.37720036002523
2050.109665440988 1020.5621920333747 297.8990616607231 156.47770542341357
2051.5 1555.5 260.5 426.5
2051.523879003361 959.7510088513316 258.5 156.5
2055.7665196904804 997.9347750354052 280.9284989122459 153.64927829866738
2056.0 1076.0 332.0 154.0
2059.5 1075.5 330.42597359530424 149.4066376115481
2061.423373939973 1054.503317530329 317.6980515339464 150.82085117392117
2061.5 1057.5 320.5 152.5
2067.0802281894653 947.0230867899737 249.5 145.5
2067.0802281894653 969.6505037879433 265.5 145.5
2067.5 1003.5 285.17113959936523 143.7497833620557
2067.5 1043.5 307.79855659733477 138.09292911256333
2067.5 1635.5 260.42240225783604 408.914826307011
2072.5 944.5 249.1086937588513 143.04267658086917
2083.5 1043.5 307.79855659733477 132.43607486307096
2085.5 973.5 266.78636328851496 133.85028842544403
2089.5 953.5 255.47265478953022 133.85028842544403
2089.7076451874345 947.0230867899737 249.5 133.5
2099.5 1003.5 289.5 129.5
2112.3350621854042 963.9936495384509 263.9579361637688 122.53657992645928
2122.2345571220158 965.407863100824 262.5 112.5
2131.5 1091.5 341.5 105.5
2134.9624791833735 969.6505037879433 266.78636328851496 105.56601717798213
2134.9624791833735 992.2779207859128 278.10007178749976 105.56601717798213
2134.9624791833735 1037.5327547818517 309.2127701597078 105.56601717798213
2137.5 969.5 268.5 104.5
2139.5 1003.5 281.5 101.5
2155.5 971.5 265.5 89.5
2157.5 965.5 264.5 92.5
2157.589896181343 986.6210665364204 278.10007178749976 94.25230867899738
2157.589896181343 1009.24848353439 292.2422074112307 94.25230867899738
2168.903604680328 969.6505037879433 269.5 89.5
2169.5 1033.5 308.5 86.5
2177.0 969.0 346.0 274.0
2177.5 1005.5 290.5 82.5
2179.5 1387.5 250.52290732122438 447.0985924910846
2185.5 893.5 222.5 76.5
2185.5 989.5 280.5 78.5
2187.5 971.5 269.5 73.5
2191.5310216782973 1031.8759005323595 303.55591591021545 71.62489168102785
2201.5 981.5 276.5 70.5
2205.5 869.5 210.5 64.5
2205.5 897.5 224.5 66.5
2205.5 997.5 284.5 66.5
2212.744225113894 906.010893481154 230.72391744800106 61.01828996322964
2217.0 965.0 254.5 50.5
2217.5 969.5 270.5 60.5
2219.5 923.5 237.5 53.5
2231.1290014247443 941.3662325404814 252.64422766478404 48.99747468305833
2236.7858556742367 1003.5916292848975 286.58535316173834 48.99747468305833
2242.442709923729 980.964212286928 275.27164466275354 48.99747468305833
2245.0 1058.0 321.0 219.0
2248.099564173221 1031.8759005323595 306.38434303496166 40.51219330881976
2274.96962185831 1005.0058428472706 290.5 28.5
2284.5 1000.5 288.70667350529794 22.83452377915607
2300.5 994.5 286.0 14.0
2344.266086414592 947.0230867899737 300.7274887854693 51.82590180780452
2349.5 977.5 264.5 232.5
2395.0 1041.0 343.0 312.0
2399.4204153471424 1137.9419177103416 332.5472939388639 87.88834764831844
2412.8554441896868 1093.394190495589 188.5 288.5
2423.462045907485 1139.3561312727147 328.5 80.5
2452.5 1058.5 316.5 276.5
2458.1102781856257 864.2915933911477 219.0 289.0
2466.0 1103.0 234.0 122.0
2470.0 1104.0 233.0 53.0
2614.3808768278527 1324.61810794359 292.94931419241726 36.97665940288702
2672.5 220.5 318.40515831513295 184.05486988968892
