81.72480773925781 557.0368041992188 81.72480773925781 557.0368041992188
144.18475341796875 536.4911499023438 144.18475341796875 536.4911499023438
173.22096252441406 544.6863403320312 173.22096252441406 544.6863403320312
273.3653869628906 546.7936401367188 273.3653869628906 546.7936401367188
329.6638488769531 540.8424682617188 329.6638488769531 540.8424682617188
349.3076171875 559.55615234375 349.3076171875 559.55615234375
381.703125 538.154052734375 381.703125 538.154052734375
447.67889404296875 538.1426391601562 447.67889404296875 538.1426391601562
476.7287292480469 529.47021484375 476.7287292480469 529.47021484375
494.6294860839844 545.4927978515625 494.6294860839844 545.4927978515625
648.135009765625 544.1737060546875 648.135009765625 544.1737060546875
654.0321044921875 558.597412109375 654.0321044921875 558.597412109375
678.5396728515625 540.820556640625 678.5396728515625 540.820556640625
731.83349609375 538.1111450195312 731.83349609375 538.1111450195312
736.8735961914062 548.3569946289062 736.8735961914062 548.3569946289062
743.9652099609375 539.9205322265625 743.9652099609375 539.9205322265625
763.3677978515625 539.4740600585938 763.3677978515625 539.4740600585938
782.878662109375 547.864013671875 782.878662109375 547.864013671875
871.9827880859375 548.1717529296875 871.9827880859375 548.1717529296875
940.283447265625 556.534912109375 940.283447265625 556.534912109375
958.6580200195312 554.4185791015625 958.6580200195312 554.4185791015625
1055.8936767578125 536.944580078125 1055.8936767578125 536.944580078125
1061.9368896484375 531.9878540039062 1061.9368896484375 531.9878540039062
1153.72265625 521.16943359375 1153.72265625 521.16943359375
1167.2437744140625 519.0964965820312 1167.2437744140625 519.0964965820312
1244.9486083984375 542.3785400390625 1244.9486083984375 542.3785400390625
1537.29296875 567.448486328125 1537.29296875 567.448486328125
1543.6744384765625 567.354736328125 1543.6744384765625 567.354736328125
1548.7711181640625 562.772216796875 1548.7711181640625 562.772216796875
1548.9527587890625 559.4051513671875 1548.9527587890625 559.4051513671875
1551.1505126953125 563.7748413085938 1551.1505126953125 563.7748413085938
1557.274658203125 564.1339111328125 1557.274658203125 564.1339111328125
1569.1253662109375 561.6317749023438 1569.1253662109375 561.6317749023438
1569.8968505859375 558.065185546875 1569.8968505859375 558.065185546875
1573.3729248046875 554.8402099609375 1573.3729248046875 554.8402099609375
1574.67431640625 547.0325317382812 1574.67431640625 547.0325317382812
1580.7471923828125 550.0740966796875 1580.7471923828125 550.0740966796875
1588.4530029296875 547.777099609375 1588.4530029296875 547.777099609375
1590.0223388671875 544.385009765625 1590.0223388671875 544.385009765625
1594.4610595703125 544.8248291015625 1594.4610595703125 544.8248291015625
1601.33740234375 540.6567993164062 1601.33740234375 540.6567993164062
1607.94091796875 532.2711181640625 1607.94091796875 532.2711181640625
1619.109619140625 527.3814086914062 1619.109619140625 527.3814086914062
1641.0152587890625 517.8999633789062 1641.0152587890625 517.8999633789062
1648.934814453125 519.37109375 1648.934814453125 519.37109375
1651.0556640625 503.96484375 1651.0556640625 503.96484375
1656.13232421875 515.7893676757812 1656.13232421875 515.7893676757812
1660.8472900390625 507.7676086425781 1660.8472900390625 507.7676086425781
1663.6036376953125 488.85400390625 1663.6036376953125 488.85400390625
1664.1051025390625 506.6229248046875 1664.1051025390625 506.6229248046875
1665.39404296875 495.55224609375 1665.39404296875 495.55224609375
1675.911865234375 475.8863220214844 1675.911865234375 475.8863220214844
1686.0931396484375 465.38287353515625 1686.0931396484375 465.38287353515625
1693.2999267578125 463.0361022949219 1693.2999267578125 463.0361022949219
1694.8900146484375 483.1009521484375 1694.8900146484375 483.1009521484375
1696.2344970703125 459.8339538574219 1696.2344970703125 459.8339538574219
1700.6907958984375 460.68804931640625 1700.6907958984375 460.68804931640625
1703.3150634765625 458.31817626953125 1703.3150634765625 458.31817626953125
1711.826904296875 455.9811096191406 1711.826904296875 455.9811096191406
1718.177490234375 454.3251037597656 1718.177490234375 454.3251037597656
1721.9183349609375 452.188232421875 1721.9183349609375 452.188232421875
1727.409423828125 448.53765869140625 1727.409423828125 448.53765869140625
1729.349853515625 444.1621398925781 1729.349853515625 444.1621398925781
1735.46044921875 444.1846618652344 1735.46044921875 444.1846618652344
1740.0111083984375 500.95721435546875 1740.0111083984375 500.95721435546875
1753.5135498046875 441.66534423828125 1753.5135498046875 441.66534423828125
1755.6126708984375 444.26019287109375 1755.6126708984375 444.26019287109375
1778.796142578125 449.29876708984375 1778.796142578125 449.29876708984375
1795.7529296875 466.68890380859375 1795.7529296875 466.68890380859375
1811.4295654296875 449.25286865234375 1811.4295654296875 449.25286865234375
1811.8170166015625 454.88958740234375 1811.8170166015625 454.88958740234375
1817.4580078125 469.0621643066406 1817.4580078125 469.0621643066406
1823.9788818359375 466.92877197265625 1823.9788818359375 466.92877197265625
1826.59814453125 469.9618225097656 1826.59814453125 469.9618225097656
1836.85595703125 463.94683837890625 1836.85595703125 463.94683837890625
1841.353759765625 462.0052490234375 1841.353759765625 462.0052490234375
1845.1015625 461.0539855957031 1845.1015625 461.0539855957031
1845.216064453125 468.65374755859375 1845.216064453125 468.65374755859375
1850.466796875 459.9565734863281 1850.466796875 459.9565734863281
1860.4158935546875 467.39825439453125 1860.4158935546875 467.39825439453125
1868.0970458984375 463.8293151855469 1868.0970458984375 463.8293151855469
1871.4132080078125 472.9991760253906 1871.4132080078125 472.9991760253906
1877.76953125 468.5285339355469 1877.76953125 468.5285339355469
1883.7529296875 470.3484802246094 1883.7529296875 470.3484802246094
1897.1007080078125 470.2120056152344 1897.1007080078125 470.2120056152344
1905.0089111328125 470.9299621582031 1905.0089111328125 470.9299621582031
1913.9976806640625 472.0914001464844 1913.9976806640625 472.0914001464844
1914.636474609375 474.4635314941406 1914.636474609375 474.4635314941406
1922.3936767578125 475.0706481933594 1922.3936767578125 475.0706481933594
1926.207763671875 469.9818115234375 1926.207763671875 469.9818115234375
1927.8900146484375 472.69061279296875 1927.8900146484375 472.69061279296875
1933.0460205078125 471.9870300292969 1933.0460205078125 471.9870300292969
1933.8741455078125 468.7750244140625 1933.8741455078125 468.7750244140625
1943.528564453125 472.3756103515625 1943.528564453125 472.3756103515625
1958.6605224609375 465.8709716796875 1958.6605224609375 465.8709716796875
1963.850830078125 461.5675048828125 1963.850830078125 461.5675048828125
1975.772216796875 464.16839599609375 1975.772216796875 464.16839599609375
1986.2705078125 457.0019836425781 1986.2705078125 457.0019836425781
1993.69482421875 462.68817138671875 1993.69482421875 462.68817138671875
1999.1480712890625 461.82318115234375 1999.1480712890625 461.82318115234375
2014.13525390625 458.0528564453125 2014.13525390625 458.0528564453125
2018.2694091796875 468.0518798828125 2018.2694091796875 468.0518798828125
2021.3905029296875 457.6619567871094 2021.3905029296875 457.6619567871094
