601.3577270507812 1060.18359375 628.758056640625 44.58102035522461
392.1886901855469 2046.91064453125 642.0355224609375 64.73899841308594
1043.354736328125 2636.41015625 771.00830078125 407.65020751953125
1356.606201171875 2112.0244140625 154.01565551757812 299.04168701171875
1562.108154296875 2353.67431640625 341.6536865234375 387.3614807128906
284.62530517578125 2471.092529296875 418.633056640625 396.010986328125
1627.13037109375 2352.989501953125 297.37188720703125 420.3470458984375
820.5562133789062 2047.9569091796875 613.627197265625 113.55577850341797
1693.9276123046875 2148.71875 726.3577270507812 61.74765396118164
939.1192626953125 2367.79541015625 302.2146301269531 260.2513732910156
152.7845916748047 2121.098388671875 537.0675659179688 488.06658935546875
328.4505920410156 1822.697021484375 79.31857299804688 125.69180297851562
1694.6796875 2354.694091796875 452.692138671875 268.09039306640625
537.3492431640625 1041.263916015625 99.5645523071289 123.37391662597656
1468.0496826171875 2511.725830078125 357.3730773925781 539.749755859375
1010.079833984375 2617.524169921875 353.8914489746094 343.59814453125
426.8791809082031 2642.37255859375 332.0587463378906 398.6133117675781
1620.4267578125 2351.009033203125 340.4283142089844 393.57257080078125
1252.3818359375 2369.1044921875 388.9932861328125 31.54729461669922
1374.45947265625 958.2540283203125 505.89013671875 32.33915710449219
229.2853546142578 2567.658935546875 662.8517456054688 485.4591979980469
1191.326904296875 2561.5693359375 149.57810974121094 492.1875915527344
1497.4637451171875 2868.916259765625 409.3301696777344 490.14300537109375
631.8418579101562 2720.7236328125 392.2319030761719 435.2884216308594
1804.3450927734375 2725.526611328125 151.88555908203125 485.3652038574219
1404.297607421875 2519.818603515625 451.71112060546875 106.22022247314453
1785.590087890625 2354.299072265625 362.9654541015625 542.282958984375
269.6694641113281 2723.286376953125 582.1820678710938 404.5432434082031
945.2041625976562 2349.427978515625 94.62085723876953 189.1173553466797
335.85003662109375 2725.5791015625 356.5431213378906 351.54345703125
1653.893798828125 2682.6171875 345.0989685058594 470.6304626464844
768.1666870117188 2597.736328125 333.8241882324219 481.6108093261719
1437.8990478515625 2123.11669921875 574.5205688476562 393.82989501953125
534.2957153320312 2634.3740234375 45.51560974121094 20.330406188964844
1064.915771484375 2671.927490234375 341.79705810546875 317.06689453125
1190.2803955078125 2624.1083984375 668.5853271484375 524.162353515625
297.2170104980469 2638.38916015625 152.43272399902344 473.5167236328125
1609.5712890625 2164.455810546875 16.09197998046875 435.8569641113281
313.6539611816406 1873.474609375 127.63631439208984 145.0363311767578
386.64215087890625 2752.790283203125 415.53448486328125 442.05499267578125
694.744384765625 1099.4146728515625 360.6524963378906 454.76202392578125
726.5575561523438 2836.763427734375 351.45111083984375 463.8739318847656
389.4740905761719 2820.6103515625 459.40802001953125 102.06963348388672
1603.932861328125 2857.956787109375 741.3980712890625 263.58758544921875
1613.520263671875 2374.095703125 759.3009643554688 300.93359375
174.256591796875 2610.25927734375 420.896240234375 93.84256744384766
1456.646240234375 2518.78564453125 461.31414794921875 114.2443618774414
1450.04833984375 2732.9013671875 644.8276977539062 356.9107971191406
631.9483642578125 2821.934326171875 456.80487060546875 288.27471923828125
1048.2415771484375 2666.424560546875 649.1729125976562 529.5054321289062
667.9174194335938 2045.771728515625 516.736572265625 346.6124572753906
694.0925903320312 2868.099365234375 466.59698486328125 93.05311584472656
1724.052001953125 2458.34228515625 718.688720703125 313.20599365234375
1098.8255615234375 2198.71240234375 607.3025512695312 197.53955078125
674.0909423828125 2817.475341796875 767.0719604492188 242.40435791015625
787.2992553710938 2694.421630859375 710.3256225585938 295.95843505859375
910.0883178710938 2629.193115234375 471.70208740234375 567.1383056640625
1381.044921875 2501.81689453125 128.3282012939453 167.7244873046875
690.244873046875 2761.113525390625 548.6790771484375 250.8053741455078
808.7232666015625 2810.054931640625 412.2853698730469 312.2201843261719
1340.1341552734375 2872.304443359375 512.9574584960938 580.3797607421875
1008.8193359375 2345.359130859375 686.88232421875 323.16485595703125
854.72119140625 2558.240234375 309.34710693359375 485.943115234375
1849.20361328125 2327.70751953125 747.5177612304688 365.4468994140625
1257.7198486328125 2134.576904296875 394.16107177734375 405.0173034667969
966.2838134765625 2751.66552734375 239.29420471191406 365.97149658203125
281.7525939941406 2641.1708984375 273.0196838378906 495.1902160644531
1082.6029052734375 2858.493408203125 752.8837890625 296.5361633300781
1119.42529296875 2554.8505859375 764.1569213867188 307.5814514160156
486.1160583496094 2619.473388671875 185.3627471923828 123.5614242553711
519.0430297851562 2707.005615234375 742.5899047851562 254.62451171875
887.9003295898438 2823.989013671875 301.77008056640625 275.9000244140625
1483.7034912109375 2740.20166015625 725.8846435546875 284.3618469238281
931.038818359375 2612.638671875 435.96954345703125 375.7204284667969
535.0802001953125 1052.1495361328125 738.7737426757812 145.3204345703125
1358.0947265625 2861.42138671875 146.91989135742188 472.9430236816406
918.142578125 2656.36083984375 597.9492797851562 255.94505310058594
475.4898986816406 2031.576171875 27.014352798461914 50.199283599853516
1214.459716796875 2154.08837890625 520.987548828125 574.4911499023438
941.8048706054688 2734.3720703125 318.7778625488281 508.048095703125
1734.2933349609375 2611.7294921875 677.8040161132812 439.07598876953125
1224.6854248046875 2587.439453125 640.3902587890625 289.8374328613281
992.3118896484375 2366.86962890625 378.4606018066406 30.780855178833008
980.6168823242188 2116.109375 783.8186645507812 207.7156524658203
323.6533508300781 2113.244140625 294.4793701171875 260.7901306152344
1414.296142578125 2488.04931640625 630.9194946289062 350.5491638183594
1605.9515380859375 2370.9462890625 727.742919921875 248.9627227783203
1714.7579345703125 2610.42431640625 769.9024658203125 324.22796630859375
875.6171264648438 2044.9171142578125 785.9830932617188 85.42170715332031
1330.605712890625 2481.828125 635.0589599609375 497.97906494140625
633.5347290039062 2037.16796875 619.2182006835938 580.466552734375
1016.9657592773438 2761.33740234375 539.386474609375 357.3332824707031
883.4005737304688 2689.7861328125 425.5027770996094 247.94229125976562
1593.5667724609375 2702.0 753.4092407226562 233.00047302246094
