1358.9461669921875 599.8693237304688 243.89019775390625 10.999649047851562
1099.5509033203125 631.0758666992188 498.9554443359375 396.8800964355469
1370.6259765625 561.51318359375 247.42958068847656 8.13447093963623
1778.796142578125 449.29876708984375 202.63485717773438 239.09762573242188
121.56405639648438 534.2810668945312 55.338050842285156 149.4165802001953
281.4833984375 549.0648193359375 405.7294006347656 30.65334129333496
235.69288635253906 550.3963012695312 154.01565551757812 299.04168701171875
842.4010009765625 556.7625732421875 213.5017852783203 234.4246368408203
78.17884063720703 525.37939453125 437.0740051269531 240.4405059814453
1905.0089111328125 470.9299621582031 163.45425415039062 280.7239074707031
1860.4158935546875 467.39825439453125 680.9932250976562 457.8334655761719
859.185302734375 547.5340576171875 323.67626953125 204.2680206298828
1279.285400390625 697.658447265625 735.930419921875 429.6127014160156
695.4382934570312 536.3526611328125 432.725341796875 237.17874145507812
1903.8984375 474.00787353515625 164.98233032226562 283.149658203125
155.80657958984375 548.4692993164062 606.4007568359375 292.81915283203125
856.539794921875 549.9606323242188 319.48504638671875 207.55906677246094
151.50946044921875 542.7044067382812 431.5805358886719 193.2535858154297
216.95962524414062 552.5923461914062 45.51560974121094 20.330406188964844
648.0096435546875 533.9187622070312 328.6095886230469 203.88040161132812
135.645263671875 533.825927734375 60.61798095703125 152.2653350830078
1151.687255859375 527.4158935546875 318.2037048339844 121.89705657958984
1171.0162353515625 517.5485229492188 413.7320251464844 193.8274383544922
922.2108154296875 546.0861206054688 384.103271484375 33.01039123535156
403.7289733886719 535.2689819335938 302.2146301269531 260.2513732910156
358.78289794921875 534.3117065429688 726.3577270507812 61.74765396118164
1474.48291015625 557.1864624023438 156.99440002441406 117.5136947631836
