272.0 553.0 666.0 461.0
447.80569927227117 541.1437943888955 305.6772362537751 210.9249275747777
474.5 514.5 282.0 200.0
763.5 723.5 699.5357133746821 470.4331162702407
769.5392847121503 543.2651147324551 276.0 203.0
773.0748186180831 546.8006486383878 406.5 202.5
781.0 535.0 725.6986642785844 59.60407640085654
1224.2089450151004 596.2981233214462 411.74325343175724 563.0641046056784
1261.5 601.5 484.57525189397165 167.79141392239833
1275.5 619.5 374.97370081005676 430.12802974260745
1685.5 493.5 563.7712113868649 521.3448045156721
