115.5 203.5 30.5 92.5
164.0 314.0 170.5 196.5
603.5 323.5 115.5 179.5
617.5 369.5 132.43607486307096 222.94574285494903
619.5 427.5 139.5 275.5
651.5 211.5 232.8452377915607 88.595454429505
659.5 299.5 179.5 147.5
664.1803743153547 296.48484809834997 183.34776310850236 149.4066376115481
667.5 411.5 187.5 259.5
667.5 579.5 187.5 427.5
669.8372285648471 607.6118318204309 194.66147160748713 460.533621333629
683.0 642.0 208.5 490.5
686.8077913133243 268.20057685088807 200.3183258569795 121.12236636408618
686.8077913133243 296.48484809834997 205.9751801064719 149.4066376115481
691.0504320004435 275.27164466275354 204.5609665440988 133.85028842544403
691.5 299.5 211.5 147.5
715.5 451.5 235.5 299.5
743.0 248.0 157.5 205.5
779.5 307.5 307.5 163.5
788.631167804187 545.3864350760148 307.79855659733477 398.30822458921284
803.5 275.5 323.5 131.5
811.5 331.5 336.08282784479667 177.69090885901
821.5 949.5 332.5 512.5
835.5 187.5 389.5 61.5
854.392098454536 236.38077169749343 538.3153672641492 263.9579361637688
907.5 363.5 427.5 211.5
913.0819612930195 245.57315985291856 432.2493500861671 92.83809511662427
914.4961748553926 244.15894629054546 552.4575028878802 269.6147904132612
930.0525240414966 307.79855659733477 454.87676708413665 155.06349186104046
931.5 187.5 446.5 86.5
939.5 267.5 459.5 115.5
945.0 1428.0 474.5 464.5
947.5 339.5 459.5 179.5
950.0 1044.0 300.02038200428274 503.6671349860084
1003.5 451.5 531.5 307.5
1245.0 476.0 190.5 420.5
1276.0 1091.0 280.5 312.5
1316.5 1352.5 379.92344827836257 377.0950211536164
1611.5 315.5 155.06349186104046 138.09292911256333
1823.8354954612928 341.73968209428904 457.0 114.0
1836.0 437.0 284.5 504.5
2525.9925291795344 953.3870478206527 194.5 378.5
