1358.9461669921875 599.8693237304688 243.89019775390625 10.999649047851562
1488.3353271484375 579.1774291992188 498.9554443359375 396.8800964355469
1378.4337158203125 598.517578125 418.5960388183594 27.234317779541016
1370.6259765625 561.51318359375 247.42958068847656 8.13447093963623
931.8798217773438 703.4157104492188 680.9932250976562 457.8334655761719
1778.796142578125 449.29876708984375 202.63485717773438 239.09762573242188
1437.9849853515625 564.8724365234375 497.7673645019531 231.91233825683594
121.56405639648438 534.2810668945312 55.338050842285156 149.4165802001953
281.4833984375 549.0648193359375 405.7294006347656 30.65334129333496
696.109619140625 684.2390747070312 163.45425415039062 280.7239074707031
235.69288635253906 550.3963012695312 154.01565551757812 299.04168701171875
842.3919677734375 557.239013671875 164.98233032226562 283.149658203125
78.17884063720703 525.37939453125 437.0740051269531 240.4405059814453
376.0546569824219 533.7973022460938 60.61798095703125 152.2653350830078
300.5458068847656 563.7271118164062 253.51219177246094 229.42523193359375
859.185302734375 547.5340576171875 323.67626953125 204.2680206298828
1279.285400390625 697.658447265625 735.930419921875 429.6127014160156
695.4382934570312 536.3526611328125 432.725341796875 237.17874145507812
967.07421875 702.3656005859375 395.26153564453125 33.70977783203125
1012.1572265625 681.05322265625 411.4816589355469 458.3533020019531
155.80657958984375 548.4692993164062 606.4007568359375 292.81915283203125
856.539794921875 549.9606323242188 319.48504638671875 207.55906677246094
1728.8037109375 445.1058654785156 328.6095886230469 203.88040161132812
592.1478271484375 562.85986328125 562.61181640625 236.1574249267578
151.50946044921875 542.7044067382812 431.5805358886719 193.2535858154297
216.95962524414062 552.5923461914062 45.51560974121094 20.330406188964844
135.17445373535156 528.04736328125 662.681640625 454.1259765625
880.2049560546875 700.4318237304688 692.934814453125 344.29534912109375
107.21186065673828 523.7014770507812 183.44480895996094 214.98069763183594
1524.5517578125 566.0921630859375 518.3167724609375 232.94688415527344
85.60881805419922 524.431396484375 318.2037048339844 121.89705657958984
1022.2989501953125 549.6806640625 496.9588928222656 227.03350830078125
593.0332641601562 552.9847412109375 432.0758361816406 189.00714111328125
922.4603881835938 545.5343017578125 384.103271484375 33.01039123535156
964.4529418945312 707.3926391601562 664.8456420898438 247.13571166992188
317.87359619140625 539.9901733398438 413.7320251464844 193.8274383544922
827.768798828125 553.7501220703125 302.2146301269531 260.2513732910156
939.2254028320312 704.9595947265625 196.56134033203125 216.80145263671875
946.2415161132812 556.09326171875 314.5488586425781 210.22329711914062
358.78289794921875 534.3117065429688 726.3577270507812 61.74765396118164
267.2930908203125 546.6336669921875 296.4355773925781 202.36056518554688
794.3677978515625 538.954345703125 418.01959228515625 240.69606018066406
631.0888061523438 544.9590454101562 505.89013671875 32.33915710449219
985.9390869140625 560.0468139648438 298.5600280761719 211.3594970703125
1474.48291015625 557.1864624023438 156.99440002441406 117.5136947631836
1093.186767578125 649.3570556640625 13.729671478271484 391.4837646484375
477.3272399902344 517.5164794921875 290.3797607421875 124.5340347290039
382.1620788574219 538.5392456054688 121.05062866210938 512.3131713867188
