1839.45654296875 997.9664916992188 277.81097412109375 285.7551574707031
1972.516357421875 998.0426635742188 394.9263610839844 61.79972457885742
1838.308837890625 1024.49658203125 294.5626220703125 286.7212829589844
1818.0167236328125 936.1334228515625 237.73301696777344 298.521728515625
1805.9306640625 936.2359008789062 237.7087860107422 306.4831237792969
1770.35009765625 1154.6480712890625 344.71209716796875 331.9024353027344
1815.8125 1198.8924560546875 408.47357177734375 286.43768310546875
2177.781982421875 1007.6676635742188 291.0854797363281 83.05365753173828
2080.15576171875 962.2737426757812 261.0363464355469 139.51467895507812
1821.2056884765625 1045.590576171875 308.07684326171875 298.3205871582031
1863.10693359375 1097.85693359375 341.9883117675781 272.1019592285156
1837.51123046875 1123.99267578125 358.701416015625 288.5633544921875
1815.263671875 1038.2877197265625 327.0067138671875 265.58050537109375
1861.8946533203125 885.7999267578125 207.4476318359375 270.2838134765625
1862.545166015625 943.8728637695312 244.2391357421875 270.8006896972656
1868.540771484375 936.3186645507812 311.7929382324219 149.50640869140625
2390.1044921875 900.1766357421875 125.08243560791016 300.8021545410156
1839.3505859375 897.4149169921875 214.24404907226562 284.66802978515625
1839.3631591796875 985.6663208007812 270.1658020019531 285.8711853027344
1836.8165283203125 1096.988525390625 340.8025817871094 289.11175537109375
1826.5147705078125 987.0559692382812 270.9032287597656 293.9044494628906
1837.931396484375 1074.4066162109375 326.93377685546875 288.02081298828125
383.1659240722656 943.7842407226562 309.1934814453125 162.5064697265625
1849.73095703125 962.4132690429688 255.29244995117188 278.2226257324219
2214.245361328125 1005.5943603515625 292.35760498046875 62.43620300292969
701.028564453125 1637.639404296875 192.9937286376953 328.0971374511719
1755.179931640625 984.0167846679688 267.3479309082031 339.73895263671875
2062.22119140625 1014.51611328125 294.5748596191406 151.2223358154297
1792.563720703125 1105.802001953125 346.3368225097656 317.33746337890625
1847.8028564453125 939.9661254882812 241.34564208984375 279.7037353515625
2223.758056640625 919.6563720703125 240.12525939941406 57.120643615722656
1770.1259765625 994.2740478515625 201.15463256835938 328.2299499511719
1840.2987060546875 873.63916015625 199.451416015625 283.25079345703125
1778.2374267578125 939.2777099609375 239.71231079101562 324.1874084472656
2268.28955078125 1007.6747436523438 293.2293701171875 29.795166015625
1862.1724853515625 1074.4296875 327.17034912109375 272.70123291015625
1791.8470458984375 933.2359619140625 235.4663848876953 315.9949035644531
414.8681335449219 938.8612670898438 322.95770263671875 226.6559295654297
1848.468994140625 955.9356079101562 341.08465576171875 265.9624328613281
1853.896728515625 1040.398193359375 304.43817138671875 276.75067138671875
1811.9547119140625 898.0725708007812 243.5948486328125 216.84622192382812
1849.9140625 1009.25537109375 284.83441162109375 277.8292236328125
1848.3861083984375 1109.3114013671875 348.456787109375 281.60565185546875
2171.867431640625 973.846923828125 270.32098388671875 85.61186218261719
2446.324462890625 918.8251342773438 272.1092834472656 265.9714050292969
1797.522216796875 1041.4678955078125 305.4290466308594 313.2061462402344
1780.2418212890625 970.7498168945312 259.33642578125 323.8406677246094
1996.3035888671875 1030.3524169921875 301.44873046875 189.00546264648438
1880.709716796875 1194.2958984375 402.0494689941406 330.3321533203125
662.3888549804688 908.275146484375 214.46194458007812 328.5643615722656
2337.95849609375 992.767333984375 279.5186767578125 58.22301483154297
1860.1424560546875 1123.887451171875 358.37420654296875 274.4071044921875
1861.153076171875 986.22998046875 271.2489013671875 272.31689453125
411.0462646484375 652.4441528320312 34.93864440917969 337.13946533203125
1798.580322265625 1077.8760986328125 328.6610107421875 313.273681640625
2011.2578125 980.1318969726562 270.02886962890625 179.54766845703125
1827.853759765625 1000.0075073242188 279.9214782714844 293.31591796875
2190.421875 968.8396606445312 267.7057800292969 75.17166900634766
1790.8536376953125 1043.926025390625 306.8052673339844 318.1695251464844
1784.66650390625 1115.2081298828125 352.4464111328125 321.68609619140625
1827.7064208984375 885.9403076171875 206.9920196533203 291.833984375
1778.8929443359375 1069.7381591796875 323.250732421875 326.03314208984375
1826.1070556640625 914.26123046875 222.78871154785156 293.6186828613281
2171.476318359375 968.7376708984375 266.5965576171875 85.7412338256836
2492.630126953125 879.469970703125 314.6017150878906 235.6837921142578
2141.28564453125 992.684814453125 280.6144714355469 103.89112854003906
281.39349365234375 1905.8443603515625 390.6622009277344 97.37510681152344
2028.1640625 1065.7657470703125 245.1635284423828 211.9988250732422
168.79046630859375 87.84037017822266 224.87144470214844 95.44754028320312
1815.5260009765625 988.1778564453125 282.02716064453125 311.57177734375
1832.4892578125 1128.821533203125 321.6817626953125 236.78924560546875
568.280029296875 1028.6640625 485.0386962890625 120.9689712524414
1819.7657470703125 1089.453857421875 333.8957214355469 299.3667297363281
2225.260986328125 886.7643432617188 220.40835571289062 51.66014099121094
2216.75244140625 904.0792236328125 228.34991455078125 59.33099365234375
1861.155029296875 1024.3885498046875 295.0099792480469 272.8240661621094
229.99090576171875 1597.097900390625 243.18357849121094 349.998291015625
200.6886444091797 1764.159423828125 81.93529510498047 7.6636881828308105
1931.0625 996.2313232421875 282.28485107421875 140.1590576171875
2160.5478515625 965.4287109375 265.0039978027344 91.73621368408203
2449.348388671875 942.4195556640625 311.3614807128906 166.6417236328125
195.1476593017578 531.5517578125 473.85302734375 405.62005615234375
229.85299682617188 402.9683837890625 550.0653076171875 396.7229309082031
1810.4044189453125 1057.4556884765625 315.7005310058594 305.2484436035156
412.67510986328125 1200.317626953125 204.60552978515625 51.340606689453125
58.11609649658203 1103.59716796875 203.4032440185547 63.29514694213867
2015.2098388671875 1016.3016967773438 293.1173095703125 177.72509765625
1904.1751708984375 948.040771484375 251.38719177246094 248.51576232910156
1851.3536376953125 1129.45849609375 249.74786376953125 49.656734466552734
2001.6856689453125 1013.7837524414062 290.8934020996094 186.0140838623047
1817.7850341796875 1006.2384033203125 282.701904296875 299.2836608886719
1847.1185302734375 930.544677734375 237.09193420410156 278.7711486816406
1992.0855712890625 1000.6980590820312 284.00811767578125 193.60714721679688
2024.62158203125 1003.163330078125 285.0320129394531 170.97247314453125
1781.813720703125 930.1995239257812 232.70278930664062 321.842041015625
1806.7008056640625 895.5813598632812 211.71566772460938 305.1658935546875
1847.33642578125 985.817138671875 206.91616821289062 278.76953125
185.5843048095703 814.8018798828125 398.7119140625 24.356922149658203
1802.963623046875 1043.5416259765625 306.3522644042969 310.0274353027344
1784.405517578125 881.3526000976562 203.24240112304688 318.3523864746094
591.1536254882812 787.659423828125 165.6583251953125 133.51510620117188
2207.657958984375 998.1605834960938 125.92252349853516 284.2004089355469
2019.8055419921875 978.711181640625 301.5361328125 177.12734985351562
320.098388671875 1552.1138916015625 283.3930969238281 214.16317749023438
2392.435546875 1032.8055419921875 334.4149475097656 317.0433044433594
2031.3603515625 1013.075927734375 291.3533020019531 168.8750457763672
2080.880859375 994.9757080078125 308.7590026855469 41.9389762878418
1797.833984375 908.6798706054688 220.843994140625 310.4057312011719
144.21401977539062 1159.1790771484375 9.155261039733887 335.44293212890625
1783.4407958984375 1058.5357666015625 314.65545654296875 320.84039306640625
536.9197387695312 358.4725646972656 319.09698486328125 313.9327392578125
2104.08837890625 981.486083984375 273.30499267578125 124.46464538574219
1841.57421875 939.2882690429688 239.8302764892578 284.41143798828125
126.3625717163086 720.6134033203125 246.95603942871094 326.2569885253906
66.45301818847656 1838.347412109375 416.8927307128906 129.00079345703125
581.9898071289062 139.41049194335938 396.1953430175781 156.9401092529297
55.06739044189453 1658.277099609375 294.1580810546875 122.42127227783203
456.81866455078125 1479.6827392578125 72.81121063232422 417.8861389160156
1962.1182861328125 966.8090209960938 260.9417724609375 209.7008819580078
30.122087478637695 837.5765380859375 336.7703857421875 380.73321533203125
501.6962585449219 1180.530517578125 255.86129760742188 26.606040954589844
500.69281005859375 1891.22216796875 285.619384765625 92.61248779296875
2161.8349609375 975.1351318359375 270.9326171875 92.12162017822266
666.2149047851562 31.87995719909668 129.0731658935547 49.873252868652344
358.9116516113281 1762.3778076171875 267.814453125 212.16311645507812
631.6474609375 590.1183471679688 408.8763122558594 189.5337677001953
261.7922668457031 1399.6024169921875 296.25732421875 298.9182434082031
