175.0 1489.0 683.0 424.0
199.61121907579297 1096.2226176203353 115.0 381.0
301.5 645.5 32.5 224.5
307.5 395.5 307.0914498161482 121.82947314527273
313.45541084682714 992.2779207859128 26.5 374.5
314.86962440920024 1177.5398974567884 18.591883092036785 456.9980874276963
317.5 1137.5 21.420310216782976 440.02752467921914
320.5 1174.5 22.0 457.0
320.5264786586926 657.1093065034893 41.21930009000631 230.72391744800106
353.0533905932738 958.3367952889585 43.34062043356595 357.2960312803931
353.0533905932738 1082.787588777791 40.51219330881976 416.69300090006305
353.5 657.5 56.77564927611035 229.30970388562795
355.5 603.5 57.5 209.5
421.6427483683689 1352.1952724098655 119.70815280171308 145.1639969244288
469.5 945.5 98.5 358.5
491.5 635.5 113.5 229.5
509.5 429.5 98.5 140.5
522.7590180780452 375.6808075912433 99.90916292848975 114.0512985522207
534.0727265770299 403.9650788387052 105.56601717798213 125.36500705120547
539.7295808265224 336.08282784479667 97.08073580374356 94.25230867899738
549.629075763134 306.38434303496166 107.68733752154178 77.98885271170678
551.0432893255071 1388.2577182503794 97.08073580374356 555.2859300126264
562.3569978244918 1359.9734470029175 99.90916292848975 543.9722215136417
563.5 363.5 121.5 105.5
573.5 1361.5 104.5 542.5
573.6707063234767 596.2981233214462 136.5 214.5
577.5 1057.5 128.90054095713822 407.500612744638
584.9844148224614 1359.9734470029175 111.22287142747452 543.9722215136417
590.6412690719537 364.36709909225857 131.02186130069785 105.56601717798213
593.5 1037.5 134.5573952066306 400.4295449327725
593.5 1053.5 134.5573952066306 406.08639918226487
595.5 363.5 133.5 105.5
598.5 372.5 730.6484117468902 261.1295090390226
603.5 1051.5 136.67871555019022 405.3792924010783
607.0 1417.0 104.0 181.0
609.026045382804 1432.0983386839455 127.48632739476511 574.3778131046632
611.5 1379.5 125.36500705120547 555.2859300126264
630.2392488184005 1043.1896090313442 146.5 402.5
642.5 648.5 172.0 238.0
647.2098115668775 398.30822458921284 682.565150626205 218.70310216782974
652.86666581637 630.2392488184005 179.10512242138307 227.18838354206832
661.5 1373.5 146.5 548.5
674.0798692519663 640.1387437550121 188.2975105768082 233.55234457274724
676.5 616.5 187.0 223.0
676.5 658.5 189.0 243.0
681.5 1341.5 155.77059864222701 534.7798333582165
685.5 1317.5 158.5990257669732 526.294551983978
694.5 1464.5 170.0 584.0
697.5 1417.5 168.5 566.5
701.5 1321.5 164.2558800164656 527.7087655463511
710.8494218736669 1355.7308063157982 170.0 541.0
713.5 1417.5 176.5 566.5
715.5 611.5 205.5 221.5
717.5 1129.5 170.5 442.5
726.4057710597709 652.86666581637 213.04624791833737 238.5020920410531
726.4057710597709 1422.1988437473337 184.5 566.5
729.5 1301.5 174.15537495307726 522.0519112968586
731.5 1019.5 193.24725804511402 394.0655839020935
741.5 1385.5 186.8832970144351 553.1646096690667
745.5 1057.5 192.5 410.5
747.5 1307.5 184.76197667087547 524.1732316404183
750.4474016201135 1386.8435046880063 191.0 553.0
756.8113626507925 250.52290732122438 678.0 202.0
761.5 1041.5 202.5 402.5
773.5 525.5 226.5 182.5
781.5600999923216 640.1387437550121 236.38077169749343 234.96655813512035
782.9743135546947 641.5529573173852 238.5020920410531 235.67366491630688
782.9743135546947 1348.6597385039327 202.5 540.5
787.5 1075.5 201.5 421.5
788.0 1352.0 661.0 430.0
788.631167804187 618.9255403194156 238.5020920410531 224.35995641732214
790.0453813665602 507.20266889194113 234.96655813512035 172.74116139070415
793.5 573.5 238.5 204.5
795.5 1363.5 210.2178207935912 546.8006486383878
795.7022356160526 1335.931816442575 209.0 536.0
804.1875169902911 1016.3195513462554 222.23863607376248 393.358477120907
805.6017305526642 641.5529573173852 252.64422766478404 235.67366491630688
816.915439051649 1065.8170260293136 224.35995641732214 419.52142802480927
819.5 1091.5 225.5 429.5
821.1580797387683 1007.8342699720168 230.72391744800106 389.1158364337877
821.5 1337.5 220.8244225113894 537.6082604829627
822.5722933011414 664.1803743153547 255.47265478953022 246.98737341529164
827.5 611.5 257.5 221.5
833.8860018001261 568.0138520739843 255.47265478953022 201.7325394193526
845.1997102991108 590.6412690719537 263.9579361637688 213.04624791833737
859.5 603.5 273.5 217.5
862.170273047588 319.1122650963195 276.5 116.5
866.4129137347073 566.5996385116111 274.564537881567 201.02543263816605
873.4839815465727 664.1803743153547 280.9284989122459 252.64422766478404
882.5 496.5 278.8071785686863 168.49852070358486
883.5 1083.5 249.5 425.5
884.7976900455576 641.5529573173852 286.58535316173834 238.5020920410531
894.5 492.5 285.0 164.0
896.1113985445423 590.6412690719537 286.58535316173834 213.04624791833737
902.5 494.5 289.0 166.0
905.5 657.5 296.5 244.5
910.5 488.5 293.0 162.0
918.5 492.5 297.0 164.0
918.5 654.5 301.0 244.0
923.5 1115.5 269.5 445.5
924.3956697920042 556.7001435749995 300.7274887854693 196.07568516986024
924.3956697920042 681.1509370638319 306.38434303496166 255.47265478953022
928.5 498.5 301.0 166.0
928.5 652.5 306.0 242.0
930.0525240414966 534.0727265770299 303.55591591021545 181.93354954612929
934.2951647286159 501.54581464244876 305.6772362537751 167.08430714121178
937.1235918533621 546.8006486383878 307.0914498161482 191.1259377015544
937.5 541.5 306.5 188.5
939.5 691.5 313.5 261.5
952.5 862.5 310.0 330.0
956.9225817265855 501.54581464244876 315.57673119038674 167.08430714121178
958.3367952889585 528.4158723275376 317.6980515339464 179.10512242138307
964.5 500.5 319.0 166.0
965.5 661.5 322.5 244.5
968.5 724.5 327.0 276.0
973.8931444750625 696.7072862499359 328.30465325174464 261.83661582020915
976.5 498.5 324.0 164.0
976.5 940.5 313.0 367.0
980.5 720.5 332.0 273.0
988.0352800987935 654.2808793787431 333.961507501237 240.62341238461272
988.5 728.5 337.0 277.0
989.5 525.5 332.5 178.5
990.5 710.5 337.0 268.0
995.5 1099.5 301.5 441.5
998.5 496.5 335.0 164.0
999.3489885977783 648.6240251292506 339.6183617507294 237.79498525986654
1001.5 917.5 328.5 358.5
1003.5916292848975 545.3864350760148 340.32546853191593 187.59040379562165
1007.8342699720168 297.8990616607231 756.5 224.5
1007.8342699720168 659.9377336282354 343.86100243784864 243.4518395093589
1016.3195513462554 710.8494218736669 348.0 268.0
1021.9764055957478 903.1824663564078 339.6183617507294 353.76049737446033
1027.6332598452402 710.8494218736669 352.3462838120872 267.4934700697015
1033.5 693.5 360.5 258.5
1043.5 1043.5 333.5 417.5
1045.5 729.5 362.5 276.5
1047.4322497184635 527.0016587651645 359.4173516239527 176.98380207782344
1047.4322497184635 648.6240251292506 362.2457787486989 236.38077169749343
1051.5 907.5 353.5 357.5
1053.089103967956 501.54581464244876 362.2457787486989 164.2558800164656
1057.5 517.5 364.5 172.5
1058.5 1412.5 337.0 585.0
1058.7459582174483 945.6088732276006 352.3462838120872 376.38791437242986
1059.5 939.5 353.5 373.5
1059.5 1299.5 334.66861428242356 538.3153672641492
1060.1601717798214 907.4251070435271 357.2960312803931 360.12445840513925
1061.5 705.5 368.5 266.5
1064.5 584.5 368.0 205.0
1065.8170260293136 1326.0323215059632 336.5 548.5
1068.5 940.5 359.0 376.0
1071.473880278806 618.9255403194156 374.2665940288702 221.53152929257593
1075.5 875.5 365.5 345.5
1077.1307345282985 675.4940828143394 374.2665940288702 249.81580054003783
1081.5 677.5 376.5 250.5
1082.787588777791 935.709378290989 365.7813126546316 377.0950211536164
1083.5 979.5 361.5 397.5
1089.5 561.5 380.5 194.5
1090.5 938.5 370.0 376.0
1091.5 707.5 381.5 265.5
1091.5 915.5 373.5 361.5
1092.6870837144027 1135.1134905855954 350.5 466.5
1093.5 597.5 382.5 210.5
1093.5 649.5 382.5 236.5
1099.758151526268 641.5529573173852 385.580302527855 232.8452377915607
1099.758151526268 686.8077913133243 385.580302527855 255.47265478953022
1104.0007922133873 662.7661607529816 386.28740930904155 243.4518395093589
1105.5 845.5 384.5 334.5
1107.5 819.5 381.5 321.5
1107.5 947.5 377.5 381.5
1113.5 681.5 390.5 252.5
1115.3145007123721 1120.9713549618646 363.659992311072 461.24072811481557
1115.5 787.5 393.5 305.5
1116.7287142747452 924.3956697920042 385.580302527855 371.43816690412405
1118.5 666.5 394.0 245.0
1122.3855685242374 692.4646455628166 396.89401102683973 258.30108191427644
1123.5 1083.5 373.5 441.5
1125.5 933.5 386.5 376.5
1128.0424227737299 1088.4444430272833 374.2665940288702 447.80569927227117
1129.456636336103 855.0992052357226 396.1869042456532 339.6183617507294
1129.456636336103 951.265727477093 387.7016228714146 384.87319574666844
1131.5 675.5 397.5 249.5
1139.3561312727147 822.5722933011414 399.72243815158595 326.183332908185
1139.3561312727147 924.3956697920042 396.89401102683973 371.43816690412405
1139.5 723.5 401.5 273.5
1139.5 947.5 393.5 381.5
1140.7703448350878 922.9814562296311 394.7726906832801 372.1452736853106
1145.0129855222071 1286.4343417595167 377.0950211536164 541.1437943888955
1152.0840533340725 665.5945878777278 408.914826307011 243.4518395093589
1152.5 946.5 401.0 384.0
1157.7409075835649 648.6240251292506 411.74325343175724 234.96655813512035
1163.5 651.5 413.5 237.5
1167.6404025201766 647.2098115668775 416.69300090006305 235.67366491630688
1169.0546160825497 679.7367235014588 417.4001076812496 251.9371208835975
1173.297256769669 715.0920625607862 416.69300090006305 269.6147904132612
1180.3683245815344 894.6971849821692 418.8143212436227 363.659992311072
1197.3388873300116 501.54581464244876 427.2996026178613 162.8416664540925
1201.581528017131 1263.806924761547 405.3792924010783 535.486940139403
1260.5 352.5 403.0 187.0
1261.5 497.5 458.5 162.5
1276.5 476.5 469.0 153.0
1282.5 488.5 471.0 159.0
1290.5 490.5 475.0 159.0
1298.5 496.5 480.0 162.0
1301.5 585.5 478.5 202.5
1304.8191180703668 1095.5155108391486 466.89758236430794 462.6549416771887
1305.5 1269.5 462.6549416771887 540.4366876077089
1309.5 1285.5 465.48336880193483 546.0935418572013
1320.3754672564708 1252.4932162625623 467.6046891454945 532.6585130146568
1320.3754672564708 1314.7186130069786 470.5 554.5
1322.5 1120.5 476.7970773009196 475.3828637385465
1324.61810794359 1092.6870837144027 478.21129086329273 459.82651455244246
1325.5 1289.5 471.14022305142726 546.0935418572013
1330.5 1096.5 481.0 463.0
1335.931816442575 1092.6870837144027 485.2823586751582 461.24072811481557
1349.5 817.5 502.5 322.5
1357.5 1085.5 496.5 460.5
1365.5 1301.5 492.5 546.5
1369.5 929.5 510.5 382.5
1375.5297961890217 1313.3043994446055 498.01028073651605 550.3361825443205
1379.5 1091.5 513.5 461.5
1381.5 1069.5 510.5 450.5
1381.5 1325.5 500.5 556.5
1389.5 1305.5 504.5 546.5
1392.5003589374987 1307.647545195113 506.49556211075463 546.0935418572013
1393.9145724998718 788.631167804187 527.0016587651645 309.2127701597078
1395.328786062245 1321.7896808188439 506.49556211075463 554.5788232314399
1409.5 473.5 531.9514062334703 152.94217151748083
1410.885135248349 828.2291475506338 535.486940139403 329.0117600329312
1413.5 1053.5 528.5 442.5
1419.5 819.5 537.5 329.5
1434.9267658086915 484.57525189397165 541.850901170082 161.42745289171938
1456.139969244288 788.631167804187 560.9427842621187 309.2127701597078
1457.5 1049.5 552.5 442.5
1468.5 816.5 565.0 324.0
1477.5 1049.5 562.5 442.5
1478.5 816.5 570.0 325.0
1480.5 484.5 562.0 166.0
1522.6080066758234 1386.8435046880063 573.0 569.0
1539.5 827.5 597.7123368838193 326.183332908185
1539.5785694243007 504.374241767195 591.3483758531403 176.98380207782344
1565.0344135470164 812.6727983645297 356.5 356.5
1569.2770542341357 777.3174593052023 609.026045382804 300.7274887854693
1575.0 871.0 20.00609665440988 454.1696603029501
1577.5 489.5 610.5 172.5
1593.3186847944783 481.74682476922544 618.2184335382291 168.49852070358486
1596.1471119192245 781.5600999923216 621.0468606629753 298.60616844190963
1610.2892475429553 770.2463914933369 625.2895013500946 290.12088706767105
1612.5 1434.5 398.5 340.5
1622.5 480.5 631.0 169.0
1642.5 1464.5 147.5 307.5
1644.2303730399096 1398.1572131869912 635.1889962867062 572.9635995422901
1659.7867222260138 505.7884553295681 648.6240251292506 179.10512242138307
1662.5 506.5 652.0 181.0
1664.029362913133 1067.2312395916867 649.3311319104372 432.95645686735367
1680.2928188804235 1325.3252147247767 652.0 541.0
1689.5 505.5 664.5 182.5
1689.5 525.5 664.5 190.5
1696.5 936.5 668.0 362.0
1703.6273426595797 521.3448045156721 669.0 189.0
1704.5 476.5 671.0 169.0
1709.5 1065.5 670.5 428.5
1713.5 505.5 674.5 180.5
1720.5 480.5 679.0 171.0
1731.5 731.5 685.5 257.5
1739.5 763.5 689.5 273.5
1740.3968952812802 945.6088732276006 690.3433252192569 365.0742058734451
1746.0537495307724 1041.775395468971 687.5148980945108 413.15746699413035
1749.5 1045.5 690.5 414.5
1753.5 1021.5 688.5 402.5
1757.5 1061.5 694.5 422.5
1769.5 1045.5 700.5 412.5
1774.5 1020.5 699.0 399.0
1779.5 1051.5 709.5 417.5
1793.5 733.5 718.6275964667188 257.5939751330899
1813.5 1045.5 718.5 410.5
1819.5 651.5 733.4768388716363 227.18838354206832
1825.249709023666 518.5163773909259 732.0 187.0
1829.5 1049.5 726.5 412.5
1833.5 909.5 732.5 342.5
1833.5 933.5 732.5 352.5
1841.5 1033.5 732.5 404.5
1882.5 944.5 752.0 357.0
1891.7177464552012 913.0819612930195 758.9326829943521 340.32546853191593
1901.5 957.5 758.5 364.5
1903.031454954186 952.6799410394661 758.9326829943521 360.12445840513925
1907.2740956413054 976.7215715998087 761.0540033379117 372.1452736853106
1942.6294347006328 1128.0424227737299 768.5 446.5
1988.5913754777582 376.38791437242986 360.8315651863258 155.77059864222701
2009.8045789133548 762.4682169002848 141.62846301849606 572.9635995422901
