1563.5750732421875 2348.84765625 258.2000427246094 480.1520690917969
1503.2955322265625 2160.363037109375 437.0740051269531 240.4405059814453
601.3577270507812 1060.18359375 628.758056640625 44.58102035522461
392.1886901855469 2046.91064453125 642.0355224609375 64.73899841308594
1043.354736328125 2636.41015625 771.00830078125 407.65020751953125
1014.6546020507812 2610.643310546875 339.5218811035156 385.4932556152344
1006.4007568359375 2624.535400390625 129.76956176757812 578.6293334960938
1627.13037109375 2352.989501953125 297.37188720703125 420.3470458984375
820.5562133789062 2047.9569091796875 613.627197265625 113.55577850341797
1693.9276123046875 2148.71875 726.3577270507812 61.74765396118164
939.1192626953125 2367.79541015625 302.2146301269531 260.2513732910156
577.16943359375 2688.771240234375 328.9424743652344 305.6695251464844
328.4505920410156 1822.697021484375 79.31857299804688 125.69180297851562
1379.5321044921875 2525.837646484375 341.6536865234375 387.3614807128906
1694.6796875 2354.694091796875 452.692138671875 268.09039306640625
1468.0496826171875 2511.725830078125 357.3730773925781 539.749755859375
1010.079833984375 2617.524169921875 353.8914489746094 343.59814453125
426.8791809082031 2642.37255859375 332.0587463378906 398.6133117675781
1374.45947265625 958.2540283203125 505.89013671875 32.33915710449219
229.2853546142578 2567.658935546875 662.8517456054688 485.4591979980469
570.2079467773438 2601.607421875 676.2950439453125 306.2829284667969
1497.4637451171875 2868.916259765625 409.3301696777344 490.14300537109375
1448.5755615234375 2208.027587890625 202.51229858398438 582.6369018554688
1476.2940673828125 2136.0234375 725.1951904296875 378.4971618652344
106.28302764892578 2478.0966796875 235.96580505371094 437.85174560546875
1582.7633056640625 858.2116088867188 789.0320434570312 253.80877685546875
1429.8197021484375 2717.684326171875 150.42877197265625 503.2892761230469
1376.7523193359375 2109.977294921875 550.8451538085938 182.31878662109375
631.8418579101562 2720.7236328125 392.2319030761719 435.2884216308594
1785.590087890625 2354.299072265625 362.9654541015625 542.282958984375
976.8521118164062 2875.775390625 413.0114440917969 298.94598388671875
871.60107421875 2583.1572265625 23.55687713623047 351.07501220703125
269.6694641113281 2723.286376953125 582.1820678710938 404.5432434082031
1094.0928955078125 2818.256103515625 228.42893981933594 462.5471496582031
1187.1199951171875 2558.600830078125 347.9223937988281 384.8030700683594
632.5849609375 2824.913330078125 546.5079956054688 337.010009765625
1653.893798828125 2682.6171875 345.0989685058594 470.6304626464844
958.0872192382812 2626.21728515625 290.3031921386719 4.210071086883545
308.7049560546875 2752.52001953125 356.5431213378906 351.54345703125
1291.9788818359375 2587.65478515625 561.0462646484375 557.199462890625
768.1666870117188 2597.736328125 333.8241882324219 481.6108093261719
479.9664306640625 2842.07470703125 249.63302612304688 144.74325561523438
1064.915771484375 2671.927490234375 341.79705810546875 317.06689453125
1190.2803955078125 2624.1083984375 668.5853271484375 524.162353515625
1644.0732421875 2641.423828125 624.271240234375 26.074207305908203
897.687744140625 2591.87744140625 468.0915832519531 581.1620483398438
806.827392578125 2639.350341796875 712.5059204101562 339.06414794921875
313.6539611816406 1873.474609375 127.63631439208984 145.0363311767578
1583.45556640625 2408.241943359375 440.164306640625 429.58013916015625
691.16845703125 2623.642822265625 57.297157287597656 275.59722900390625
389.4740905761719 2820.6103515625 459.40802001953125 102.06963348388672
1319.021484375 2586.982421875 622.171142578125 368.3313903808594
1432.234619140625 2127.872802734375 603.835205078125 239.59812927246094
1613.520263671875 2374.095703125 759.3009643554688 300.93359375
1141.696044921875 2843.92431640625 727.970458984375 556.1505737304688
1450.04833984375 2732.9013671875 644.8276977539062 356.9107971191406
558.8632202148438 2869.970703125 469.0143127441406 536.384033203125
1245.88427734375 2594.0908203125 735.2177734375 172.79428100585938
993.4783935546875 2774.807373046875 65.04583740234375 185.1425018310547
667.9174194335938 2045.771728515625 516.736572265625 346.6124572753906
1529.455810546875 2870.0859375 213.8802947998047 437.924560546875
1608.130615234375 2403.115966796875 214.01168823242188 431.2207336425781
787.2992553710938 2694.421630859375 710.3256225585938 295.95843505859375
1453.294189453125 2557.943115234375 202.55160522460938 414.4886779785156
1670.1473388671875 2371.4609375 719.5017700195312 531.7758178710938
1340.1341552734375 2872.304443359375 512.9574584960938 580.3797607421875
1008.8193359375 2345.359130859375 686.88232421875 323.16485595703125
1479.906005859375 2367.953369140625 318.7236328125 492.93731689453125
770.41015625 2664.91650390625 67.43223571777344 102.29536437988281
916.0787353515625 2695.616455078125 741.3980712890625 263.58758544921875
131.7897491455078 2119.512939453125 296.6076965332031 141.3652801513672
751.5975341796875 314.37408447265625 123.37527465820312 14.031502723693848
1684.99755859375 2839.70166015625 471.70208740234375 567.1383056640625
1535.1712646484375 2331.201416015625 189.3677978515625 522.2158203125
1087.2054443359375 2693.978271484375 42.894351959228516 517.2045288085938
1193.332275390625 2841.58837890625 747.5177612304688 365.4468994140625
1666.873046875 2656.95556640625 67.7629623413086 201.09674072265625
1119.42529296875 2554.8505859375 764.1569213867188 307.5814514160156
486.1160583496094 2619.473388671875 185.3627471923828 123.5614242553711
571.6254272460938 2671.16943359375 211.47413635253906 454.0904235839844
1153.422119140625 2851.8974609375 291.45477294921875 410.3787841796875
1694.551513671875 2799.92724609375 415.53448486328125 442.05499267578125
